240453 285486
31268385 31275850
33231713 33240489
33974784 33978431
33985593 33991372
34017282 34020592
34708194 34725856
34794684 34797530
35161713 35174684
35916003 35917967
37544715 37557380
38841579 38844443
41164299 41168128
43324218 43326605
45016263 45018259
45309942 45316134
46933146 46936093
48095307 48111049
49411134 49413845
49574313 49586771
50230548 50243231
50987853 50990699
51810183 51826194
259485300 259498613
267955713 267968351
268577055 268591187
371361177 371365435
382248612 382262411
398674026 398674334
456119577 456133529
469397583 469412030
488401911 488414120
488870100 488885161
496736334 496749404
496764766 496780232
535233924 535247921
545958492 545968397
562683978 562697165
573665553 573666266
578819628 578821043
663360003 663364395
666255600 666268724
715203819 715206269
745337007 745350095
898364502 898366511
1007413308 1007414777
1147237659 1147245869
1165277593 1165280969
1176843591 1176857183
