6673618 6692600
6675214 6719210
6676831 6719210
6678420 6719210
6862408 6868685
6870318 6875013
6863990 6895295
6865572 6895295
6867182 6895295
6871921 6901623
6873482 6901623
6882953 6907993
6884535 6907993
6906774 6911434
6913102 6917748
6908370 6938044
6909945 6938044
6938428 6943123
6914670 6944358
6916231 6944358
6951210 6955800
6962354 6968512
6940010 6969733
6944798 6969733
6941599 6969733
6946394 6969733
6947990 6970101
6952806 6982410
6954416 6982410
7170380 7187752
7171962 7214362
7173558 7214362
7557368 7576350
7558950 7602960
7560525 7602960
7562093 7602960
10853411 10873665
10854578 10900275
10855887 10900275
10857070 10900275
11323277 11337905
11333147 11347411
11348918 11350789
11350115 11350789
11338187 11352192
11324488 11364515
11325692 11364515
11334386 11374187
11335639 11374279
11339370 11378802
11340567 11378802
11447597 11463044
11448787 11489654
11449963 11489654
12384582 12404513
13821094 13836839
13822375 13836839
13891682 13902565
13892872 13928525
13894104 13928525
14047880 14066890
14049280 14093500
14050589 14093500
15203797 15218446
15207353 15218446
15204994 15245056
15208536 15245056
15206177 15245056
15209726 15245056
15211133 15245148
15965453 15970890
15969086 15970890
15972845 15974404
15966699 15997500
15970269 15997500
15967896 15997500
15971452 15997500
15972810 15997592
15984696 16001014
15996491 16001014
16143071 16163607
16154943 16169564
16157330 16169564
16156133 16196174
16158513 16196174
16159703 16196292
16161082 16196384
16219000 16239487
16220190 16266097
16221380 16266097
16222570 16266097
16274727 16295249
16991695 17002956
17271842 17274465
17309516 17321703
17421173 17422613
17422461 17449223
17423728 17449223
17424981 17449223
17456068 17462086
17459981 17478629
17461241 17478629
17462494 17478629
17463740 17478669
17457370 17488696
17458714 17488696
18054323 18064996
18129104 18131020
18237205 18238379
18238451 18264989
18239739 18264989
18240992 18264989
18345040 18365576
18392682 18398896
18396238 18398896
18393858 18425506
18397428 18425506
18395048 18425506
18398618 18425506
18399808 18425874
18411358 18431551
18597978 18600349
18599182 18626959
18600365 18626959
18601548 18626959
18908736 18930441
19190745 19192811
19383875 19403865
19776834 19791399
19779249 19791399
19780467 19818009
19778059 19818009
19781657 19818009
19782833 19818331
19934894 19955437
20094683 20115121
20095859 20141731
20097056 20141731
20098253 20141731
20208440 20218791
20221670 20223817
20209630 20245401
20210792 20245401
20211968 20245401
20222958 20250427
20224169 20250427
20225422 20250427
20285601 20290604
20287974 20290604
20286777 20317214
20289164 20317214
20290522 20317214
20291775 20317369
20318361 20338918
20319544 20364878
20320741 20364878
20908909 20910041
20910085 20936651
20911268 20936651
20912472 20936651
20932331 20943746
20941844 20960296
20933507 20970356
20934697 20970356
20935901 20970356
20943041 20986906
20944245 20986906
20945442 20986906
21173236 21193492
21223972 21224544
21235347 21239006
21225309 21250504
21226506 21250504
21236656 21265616
21240527 21265616
21237958 21265616
21243138 21265616
21244601 21266076
21274554 21284387
21275849 21310997
21277186 21310997
21278516 21310997
21879298 21893835
21881699 21893835
21880509 21920445
21882875 21920445
21884072 21920445
21885262 21920798
23144856 23154773
23146053 23181383
23147243 23181383
24144169 24154849
24145401 24181459
24146640 24181459
24147914 24181582
26406919 26427462
26408123 26454072
26409313 26454072
26410552 26454072
27204485 27226211
27205675 27252821
27206865 27252821
27208055 27252821
27623925 27630195
27627474 27630195
27625115 27656805
27628664 27656805
27626291 27656805
27629840 27656805
27631030 27656939
27933192 27953329
27934480 27979939
27935768 27979939
27937070 27980094
27973687 27989323
27977243 27989323
27975130 28015933
27978615 28015933
27976053 28015933
27980738 28016064
27981401 28016156
28638806 28659181
28639982 28685791
28641172 28685791
28845376 28859990
28848974 28859990
28846601 28886600
28850178 28886600
28847798 28886600
28851361 28886600
28852572 28886968
28918841 28939449
28920038 28966059
28921221 28966059
28922411 28966059
33088587 33099386
33093410 33099386
33112632 33125111
33117448 33125111
33090183 33125996
33095006 33125996
33091814 33125996
33096609 33125996
33098205 33126088
33114228 33151721
33118988 33151721
33115845 33151721
33120584 33151721
33122180 33152089
33899642 33900147
37050587 37051334
37055326 37056542
37060394 37061540
37051777 37077944
37052960 37077944
37054150 37077944
37056649 37083152
37057888 37083152
37059141 37083152
37061654 37088150
37062921 37088150
37064174 37088150
37140187 37160730
37141538 37187340
37142784 37187340
37144051 37187340
37425066 37430909
37428881 37430909
37433627 37435655
37438401 37440457
37426333 37457519
37430064 37457519
37427586 37457519
37431247 37457519
37432430 37457887
37434831 37462265
37436021 37462265
37437218 37462265
37439598 37467067
37440900 37467067
37442174 37467067
37464455 37468737
37466856 37468737
37471623 37473847
37476495 37478859
37468046 37495347
37465666 37495347
37469236 37495347
37470447 37495669
37472813 37500457
37473989 37500457
37475179 37500457
37477755 37505469
37479015 37505469
37480282 37505469
37558110 37579561
37559291 37606171
37560691 37606171
37561965 37606171
37618154 37625155
37619407 37625155
37620667 37625155
37623173 37629880
37624475 37629880
37625679 37629880
37628108 37634906
37629305 37634906
37630488 37634906
37636424 37637213
37632861 37639890
37634044 37639890
37635241 37639890
37753401 37764512
37754591 37764512
37756985 37765162
37758182 37765162
37759379 37765162
37761745 37769929
37762935 37769929
37764118 37769929
37766491 37774934
37767681 37774934
37768871 37775076
37772441 37784448
37773617 37784448
37776011 37785098
37777208 37785098
37778412 37785098
37780799 37789879
37781975 37789879
37784383 37793414
37785573 37793414
37786770 37793414
37825466 37847206
37847201 37851959
37849595 37851959
37854334 37855515
37859080 37860310
37864169 37865077
37848398 37878569
37850778 37878569
37851961 37878569
37853158 37878661
37855524 37882125
37856714 37882125
37857897 37882125
37860284 37886920
37861621 37886920
37862902 37886920
37902522 37907623
37906078 37907623
37910838 37912348
37914401 37917122
37903705 37934233
37907254 37934233
37904881 37934233
37908444 37934233
37909641 37934601
37912021 37938958
37913211 37938958
37915591 37943732
37916767 37943732
37917978 37943895
38015306 38020862
38018883 38020862
38023615 38025601
38028326 38029493
38016482 38047472
38020073 38047472
38017679 38047472
38021263 38047472
38022439 38047840
38024791 38052211
38025967 38052211
38027143 38052211
38029502 38056103
38030713 38056103
38031903 38056103
38108504 38129026
38109680 38155636
38110849 38155636
38112039 38155636
38184286 38190551
38187865 38190551
38192583 38195311
38197306 38200055
38185462 38217161
38189032 38217161
38186638 38217161
38190215 38217161
38191377 38217529
38193729 38221921
38194919 38221921
38196116 38221921
38198531 38226665
38199714 38226665
38200890 38226665
38221652 38242062
38582166 38587442
38585764 38587442
38590559 38592433
38595305 38597627
38583363 38614052
38586961 38614052
38584560 38614052
38588151 38614052
38589341 38614420
38591742 38619043
38592925 38619043
38594129 38619043
38596635 38624237
38597909 38624237
38599190 38624237
38963050 38983159
39086152 39092495
39087342 39092495
39088539 39092495
39090912 39097654
39092109 39097654
39093327 39097654
39096099 39102841
39097394 39102841
39098682 39102841
39158658 39159391
39218711 39221964
39221371 39221964
39226117 39227200
39230870 39232359
39222554 39248574
39219992 39248574
39223751 39248574
39224927 39248896
39227314 39253810
39228497 39253810
39229673 39253810
39232053 39258969
39233229 39258969
39234587 39258969
40751886 40772436
40753097 40799046
40754294 40799046
40755470 40799046
41378246 41388664
41379436 41388664
41381795 41389314
41382985 41389314
41384182 41389314
41386569 41394487
41387766 41394487
41388970 41394487
41391371 41399569
41392561 41399569
41393751 41399569
42117754 42122204
42121345 42122204
42130095 42132368
42118972 42148814
42122549 42148814
42120223 42148814
42123746 42149126
42125104 42149218
42126371 42154008
42127610 42154008
42128849 42154008
42131481 42158978
42132846 42158978
42134099 42158978
42198429 42206858
42199577 42206858
42200760 42206858
42203406 42211842
42204666 42211842
42205919 42211842
42208432 42216700
42209727 42216700
42210917 42216700
42326522 42337745
42327775 42337745
42330267 42338395
42331464 42338395
42332647 42338395
42335013 42343176
42336210 42343176
42337400 42343176
42339787 42347929
42341096 42347929
42342384 42347929
42344876 42352668
42346143 42352668
42347403 42352668
42399952 42406236
42403522 42406236
42408296 42410975
42413287 42415735
42401135 42432846
42404726 42432846
42402332 42432846
42405923 42432846
42407106 42432938
42409479 42437585
42410788 42437585
42412027 42437585
42414547 42442345
42415807 42442345
42417060 42442345
42551712 42563488
42552986 42563488
42555485 42564138
42556738 42564138
42558026 42564138
42560476 42568919
42561652 42568919
42562828 42568919
42565194 42573665
42566433 42573665
42567623 42573665
42609574 42619419
42611982 42620719
42613165 42620719
42615545 42624331
42616728 42624331
42617911 42624331
42620277 42629378
42621607 42629378
42622895 42629378
42644686 42649451
42648249 42649451
42653030 42654589
42656761 42659314
42645862 42676061
42649439 42676061
42647052 42676061
42650650 42676061
42651840 42676429
42654220 42681199
42655431 42681199
42658042 42685924
42659337 42685924
42660534 42685924
42905863 42907051
42907123 42933661
42908383 42933661
42909685 42933661
44177490 44179567
44178680 44206177
44179863 44206177
44181032 44206297
44514421 44516813
44515653 44543423
44516906 44543423
44518159 44543423
44552725 44573296
44553971 44599906
44555182 44599906
44610580 44615660
44612953 44615660
44617741 44620399
44622459 44625138
44611763 44640970
44614150 44642270
44615340 44642270
44616544 44642270
44618924 44647009
44620100 44647009
44621276 44647009
44623649 44651748
44624853 44651748
44626036 44651748
44720655 44741219
44722020 44767829
44723273 44767829
44724540 44767829
45151722 45153820
45152912 45180430
45154102 45180430
45155292 45180430
45267824 45270517
45272542 45275235
45277330 45280023
45268993 45297127
45270169 45297127
45271352 45297264
45273739 45301845
45274943 45301845
45276133 45301845
45278506 45306633
45279696 45306633
45280879 45306633
45723664 45733977
45724840 45733977
45727192 45734627
45728389 45734627
45729572 45734627
45731980 45739723
45733156 45739723
45734346 45739723
45736880 45744595
45738140 45744595
45739393 45744595
46236554 46248253
46237751 46248253
46240110 46248903
46241321 46248903
46242497 46248903
46244870 46253859
46246053 46253859
46247250 46253859
46249658 46258633
46250834 46258633
46252038 46258633
46328093 46329596
46329283 46356206
46330466 46356206
46331831 46356206
46501602 46502895
46506369 46507795
46511143 46512675
46502785 46529505
46503975 46529505
46505172 46529505
46507566 46534405
46508756 46534405
46509932 46534405
46512354 46539285
46513558 46539285
46514769 46539285
46685051 46686325
46686297 46712935
46687543 46712935
46688810 46712935
47102062 47103922
47107074 47108976
47112317 47114072
47117343 47118818
47103329 47130532
47104568 47130532
47105814 47130532
47108320 47135586
47109790 47135586
47111057 47135586
47113556 47140682
47114823 47140682
47116062 47140682
47118540 47145428
47119744 47145428
47120948 47145428
47219326 47231221
47220537 47231221
47222910 47231871
47224086 47231871
47225269 47231871
47227628 47236610
47228965 47236610
47231471 47240187
47232738 47240187
47233991 47240314
47240144 47242256
47245240 47247044
47250497 47251762
47241467 47268866
47242755 47268866
47243994 47268866
47246500 47273654
47247753 47273654
47249160 47273654
47251757 47278372
47252996 47278372
47254270 47278372
48494572 48516284
48495762 48542894
48496952 48542894
48498142 48542894
49006594 49027144
49159796 49180059
49161119 49206669
49162323 49206669
49239687 49240903
49244440 49245621
49249172 49250381
49240884 49267513
49242060 49267513
49243257 49267513
49245616 49272231
49246813 49272231
49247989 49272231
49250369 49276991
49251538 49276991
49608944 49629473
49610134 49656083
49611324 49656083
49612514 49656083
50212512 50233055
50213709 50259665
50214899 50259665
50216096 50259665
51133005 51134074
51151877 51153534
51134461 51160684
51135735 51160684
51137030 51160684
51390003 51397235
51391277 51397235
51392600 51397235
51395197 51402002
51396527 51402002
51397717 51402002
51400104 51406699
51401315 51406699
51402505 51406699
51448516 51455629
51449888 51455629
51451127 51455629
51453612 51460403
51454788 51460403
51455992 51460403
51458393 51465177
51459590 51465177
51460787 51465177
51676562 51684977
51677780 51684977
51678956 51685147
51681336 51689744
51682512 51689744
51683702 51689857
51686082 51694511
51687272 51694511
51688462 51694511
52198790 52219326
53504766 53508747
53508315 53508747
53513061 53513621
53517842 53518561
53505942 53535357
53509498 53535357
53507132 53535357
53510681 53535357
53511871 53535725
53514293 53540231
53515469 53540231
53516645 53540231
53519025 53545171
53520215 53545171
53521454 53545171
54211178 54214484
54212368 54214484
54215105 54215134
54220194 54220314
54225374 54225522
54484479 54489419
54488035 54489419
54492760 54494396
54497534 54499618
54485655 54516029
54489218 54516029
54486852 54516029
54490408 54516029
54491584 54516397
54493950 54521006
54495161 54521006
54496337 54521006
54498731 54526228
54499907 54526228
54501104 54526228
54597179 54617470
54713491 54716198
54718293 54720951
54723039 54724528
54714688 54742808
54715878 54742808
54717082 54742808
54719476 54747561
54720652 54747561
54721842 54747561
54724229 54751138
54725433 54751138
54726637 54751138
54991468 55011500
54992665 55011500
54993841 55011500
54995024 55012800
54996207 55012800
54997397 55012800
54998615 55012800
54999791 55017595
55000974 55017595
55002157 55017595
55003361 55017595
55004565 55022565
55005776 55022565
55006973 55022795
55669880 55717012
55671098 55717012
55672302 55717012
55764716 55784993
55765920 55811603
55767110 55811603
55768307 55811603
55822109 55842428
62757457 62777601
62758731 62804211
62760019 62804211
62761321 62804211
62863101 62883551
62864277 62910161
62865467 62910161
62866839 62910331
63206633 63217618
63207886 63217618
63210616 63218268
63211855 63218268
63213115 63218268
63215621 63222993
63216881 63222993
63218162 63223092
63220542 63227774
63221725 63227774
63222915 63227774
66043348 66048079
66047121 66048079
66051874 66052747
66055444 66057514
66044601 66074689
66048304 66074689
66045931 66074689
66049494 66074689
66050677 66075057
66053050 66079357
66054254 66079357
66056627 66084124
66057810 66084124
66059035 66084124
68252471 68256977
68256027 68256977
68260787 68261730
68265610 68266490
68253661 68283587
68257224 68283587
68254844 68283587
68258393 68283587
68259583 68283955
68261970 68288340
68263181 68288340
68264413 68288340
68266800 68293100
68267976 68293100
68269159 68293100
70020237 70040815
70021420 70067425
70022617 70067425
70677376 70688725
70678587 70688725
70680988 70689375
70682171 70689375
70683354 70689559
70685734 70694114
70686910 70694114
70688100 70694230
70690480 70698853
70691656 70698853
70694368 70702612
70695534 70702612
70696773 70702612
70699279 70707645
70700581 70707645
70701764 70707645
70704137 70712636
70705334 70712636
70706552 70712636
70708939 70717396
70710136 70717396
70711326 70717396
70751849 70763772
70753039 70763772
70755433 70764422
70756616 70764422
70757806 70764422
70760193 70769210
70761397 70769210
70762741 70769210
70765254 70773970
70766493 70773970
70767746 70774182
70770287 70778730
70771554 70778730
70772744 70778924
70775117 70783497
70776314 70783497
70777518 70783624
70779891 70788285
70781081 70788285
70783454 70791869
70784637 70791869
70785820 70792011
70787003 70807581
70862610 70883188
70942998 70951469
70944209 70951469
70945399 70951469
70947779 70956488
70948955 70956488
70950152 70956488
70952539 70961493
70953715 70961493
70954884 70961493
70956060 70965203
70957264 70965203
70958475 70965203
70960855 70969942
70962059 70969942
70963249 70969942
70965650 70974674
70966847 70974674
70968037 70974674
70970410 70979406
70971614 70979406
70972965 70979406
71951544 71972094
72026206 72046399
72101995 72122314
72369689 72378356
72370935 72378356
72373441 72381961
72374694 72381961
72375947 72381961
72378467 72386700
72379720 72386700
72380973 72386700
72383353 72391460
72384543 72391460
72385726 72391460
72388127 72396192
72389317 72396192
72390493 72396192
72392852 72400966
72394070 72400966
72395246 72400966
72397619 72405740
72398816 72405740
72399999 72405740
72404766 72413967
72407167 72415267
72408357 72415267
72409547 72415267
72411927 72420342
72413117 72420342
72415532 72424108
72416715 72424108
72417905 72424108
72420278 72429127
72421489 72429127
72422686 72429127
72425080 72434083
72426270 72434083
72427453 72434083
72429805 72438850
72430981 72438850
72432164 72438850
72434537 72443596
72435727 72443596
72436903 72443596
72438079 72458657
72854929 72863981
72856119 72863981
72857302 72863981
72859696 72868776
72860893 72868776
72862118 72868776
72864708 72873529
72865968 72873529
72867221 72873529
72869762 72878268
72871078 72878268
72872261 72878268
72874620 72883035
72875824 72883035
72877014 72883035
72879394 72887781
72880598 72887781
72881781 72887781
72884161 72892541
72885344 72892541
72886534 72892541
73048878 73055354
73050075 73055354
73051272 73055354
73053624 73060513
73054814 73060513
73055997 73060513
73058419 73065700
73059602 73065700
73060799 73065841
73063165 73070866
73064341 73070866
73065671 73070866
73068170 73075598
73069437 73075598
73070683 73075598
73073308 73080365
73074645 73080365
73075898 73080365
73078390 73085594
73079650 73085594
73306793 73327357
73386873 73393552
73388063 73393552
73389253 73393552
73391675 73398571
73392865 73398571
73395469 73402372
73396729 73402372
73397968 73402372
73400488 73407601
73401762 73407601
73403001 73407601
73405507 73412641
73406760 73412641
73408020 73412641
73410540 73417380
73411730 73417380
73412913 73417380
73415279 73422497
73416483 73422497
73417666 73422497
73420039 73427754
73421236 73427754
73422734 73427754
73709846 73729990
73951311 73971889
75460812 75471265
75462009 75471265
75464375 75471915
75465558 75471915
75466769 75471915
75469156 75476892
75470346 75476892
75471522 75476892
75473937 75481729
75475127 75481729
75476310 75481729
75478690 75486461
75479887 75486461
75481091 75486461
75483478 75491291
75484661 75491291
75485858 75491291
75488252 75496058
75489421 75496058
75491815 75499929
75493005 75499929
75494202 75499929
76862359 76882601
79249541 79259525
79250843 79259525
79253461 79260175
79254735 79260175
79256114 79260175
79258494 79264893
79259691 79264893
79260881 79264893
79263254 79269639
79264437 79269639
79265627 79269639
79268000 79274987
79269190 79274987
79270366 79274987
79272732 79280202
79273922 79280202
79275399 79280202
79277968 79285123
79279263 79285123
79281867 79288861
79283176 79288861
79284471 79288861
79859780 79870674
79862202 79871324
79863546 79871324
79864792 79871324
79867298 79876077
79868544 79876077
79869825 79876170
79872310 79880816
79873500 79880816
79874697 79880909
79877084 79885562
79878267 79885562
79879443 79885562
79881830 79890343
79883020 79890343
79884196 79890436
79886555 79895110
79887759 79895110
79888928 79895110
79891343 79899849
79892533 79899849
79893723 79899970
79900898 79909334
79902088 79909334
79903271 79909334
79905644 79912911
79906834 79912911
79909200 79917965
79910376 79917965
79911566 79917965
79913939 79923033
79915115 79923033
79916312 79923033
79918713 79927821
79919889 79927821
79921086 79927821
79923459 79932560
79924656 79932560
79925853 79932560
79928226 79937299
79929402 79937299
79930578 79937299
79969302 79989845
80450601 80457385
80451875 80457385
80453177 80457385
80455788 80462621
80457083 80462621
80458385 80462621
80460947 80467402
80462235 80467402
80463509 80467582
80466183 80472141
80467380 80472141
80468577 80472250
80470936 80477293
80472119 80477293
80473323 80477293
80475710 80482501
80476893 80482501
80478244 80482501
80480736 80487653
80481989 80487653
80483242 80487653
81290804 81297686
81291987 81297686
81293177 81297686
81295550 81302852
81296726 81302852
81298070 81302852
81300597 81306632
81301850 81306632
81304363 81311630
81305679 81311630
81306862 81311778
81309228 81316621
81310425 81316621
81311608 81316621
81313981 81321731
81315185 81321731
81316354 81321731
81318755 81326862
81319952 81326862
81321135 81326862
81513558 81524116
81514783 81524116
81517163 81524766
81518353 81524766
81519550 81524766
81520761 81528560
81521972 81528560
81523162 81528560
81525542 81533579
81526725 81533579
81527915 81533579
81530274 81538360
81531457 81538360
81532633 81538360
81534992 81543127
81536182 81543127
81537393 81543127
81539759 81548321
81540942 81548321
81542167 81548321
81544764 81553487
81546003 81553487
81547256 81553610
81742976 81751419
81744152 81751419
81745349 81751603
81747750 81756165
81748940 81756165
81750144 81756165
81752657 81760897
81753896 81760897
81755149 81760897
81757655 81765685
81758894 81765685
81760154 81765685
81762646 81770711
81763822 81770711
81765012 81770711
81767406 81775702
81768582 81775702
81769765 81775702
81772152 81780616
81773342 81780616
81774735 81780616
82408788 82419520
82410370 82419520
82411658 82419520
82414255 82420801
82415522 82420801
82416817 82420903
82419435 82425764
82420723 82425764
82423327 82429327
82424615 82429327
82425910 82429327
82428479 82434353
82429767 82434353
82430964 82434353
82512003 82532231
83350750 83371006
84107737 84115053
84108934 84115053
84110131 84115053
84112518 84120093
84113708 84120093
84114919 84120093
84117306 84125336
84118524 84125336
84120911 84129123
84122101 84129123
84123291 84129123
84125685 84133988
84127043 84133988
84128303 84133988
84130802 84138776
84132048 84138776
84133434 84138776
84136031 84143585
84137298 84143585
84138558 84143585
84141120 84148317
84142310 84148317
84143493 84148317
84522977 84544738
84765373 84785419
84966952 84987040
85983982 85993540
85986355 85994840
85987545 85994840
85988714 85994840
85991073 85998564
85992270 85998564
85993460 85998564
85995875 86003597
85997079 86003597
86076109 86084475
86077292 86084475
86078517 86084475
86080918 86089256
86082115 86089256
86083312 86089256
86085720 86092861
86086903 86092861
86089255 86097593
86090438 86097593
86091621 86097593
86094197 86102507
86095443 86102507
86096717 86102507
86099202 86107533
86100469 86107533
86101736 86107533
86104116 86112559
86105306 86112559
86106524 86112559
86108911 86117333
86110108 86117333
86111305 86117333
86151751 86163751
86152927 86163751
86155286 86164401
86156462 86164401
86157645 86164401
86160018 86169161
86161208 86169161
86162419 86169161
86165002 86173935
86166255 86173935
86167522 86173935
86170049 86178681
86171358 86178681
86172562 86178681
86173759 86182272
86174956 86182272
86176139 86182272
86178498 86187032
86179674 86187032
86180871 86187032
86183251 86191792
86184455 86191792
86185666 86191792
86223704 86244282
86880276 86886668
86881543 86886668
86882810 86886668
86885204 86891834
86886401 86891834
86887584 86891834
86890146 86895712
86891420 86895712
86893982 86900843
86895256 86900843
86896537 86900843
86899106 86905722
86900401 86905722
86901675 86905722
86904251 86910454
86905525 86910454
86906932 86910454
86909305 86915445
86910495 86915445
86911692 86915445
87195465 87206254
87196641 87206254
87199210 87206904
87200463 87206904
87201730 87206904
87204222 87211874
87205475 87211874
87206735 87212030
87209220 87216606
87210473 87216606
87213007 87220211
87214260 87220211
87215499 87220211
87217984 87225272
87219216 87225272
87220560 87225272
87222926 87230305
87224123 87230305
87225502 87230305
87227735 87235331
87228932 87235331
87230122 87235331
87458875 87479411
87460051 87506021
87461234 87506021
87462417 87506021
88099788 88121535
88324404 88344954
89210226 89216590
89211402 89216590
89212578 89216590
89215196 89221749
89216505 89221749
89219088 89225620
89220362 89225620
89221678 89225620
89224254 89230716
89225528 89230716
89226816 89230857
89229385 89235609
89230680 89235609
89231877 89235609
89234229 89240824
89235426 89240824
89236630 89240824
89238989 89246025
89240144 89246025
89241320 89246025
89323409 89333281
89324606 89333281
89327343 89333931
89328652 89333931
89329933 89333931
89332495 89339041
89333790 89339041
89335071 89339041
89337661 89343766
89338942 89343766
89340230 89343766
89342890 89348498
89344073 89348498
89345270 89348498
89347636 89353699
89348819 89353699
89350002 89353699
89352368 89358844
89353572 89358844
89356288 89362708
89357569 89362708
89358878 89362708
89629890 89641274
89631087 89641274
89633474 89641924
89634678 89641924
89635861 89642047
89638241 89646915
89639417 89646915
89640593 89647091
89643169 89651934
89644422 89651934
89645682 89652118
89648167 89656806
89649392 89656806
89650666 89656806
89653032 89661587
89654201 89661587
89655377 89661587
89657764 89666354
89658968 89666354
89660165 89666354
89662573 89671121
89663917 89671121
89665170 89671121
89854611 89866716
89855794 89866716
89858188 89867366
89859392 89867366
89860575 89867366
89862948 89872126
89864117 89872126
89865307 89872126
89867701 89876886
89868905 89876886
89870074 89876886
89872440 89881604
89873784 89881604
89875051 89881604
89877585 89886371
89878824 89886371
89880084 89886371
89882576 89891124
89883773 89891124
89884963 89891124
89887399 89895870
89888575 89895870
90230994 90242497
90232268 90242497
90234655 90243147
90235838 90243147
90237014 90243147
90239387 90247921
90240577 90247921
90242964 90251442
90244168 90251442
90245365 90251570
90247738 90256195
90248914 90256195
90250118 90256323
90252512 90260955
90253702 90260955
90254878 90261104
90257244 90265687
90258448 90265687
90259645 90265687
90262025 90270468
90263229 90270468
90264398 90270617
90613271 90620664
90614643 90620664
90615903 90620664
90618416 90625823
90619662 90625823
90620915 90625823
90623624 90630898
90624912 90630898
90626193 90630898
90628811 90635805
90630232 90635805
90631422 90635805
90633802 90640579
90634992 90640579
90636168 90640579
90638548 90645332
90639731 90645332
90640921 90645332
90642146 90649273
90643476 90649273
90644729 90649273
90916924 90925017
90918100 90925017
90919269 90925017
90921670 90930253
90922874 90930253
90924225 90930253
90926759 90935244
90928012 90935244
90929265 90935244
90931841 90939990
90933038 90939990
90934235 90939990
90936629 90944736
90937812 90944736
90938995 90944736
90941347 90949566
90942537 90949566
90943713 90949712
90946072 90954550
90947255 90954550
90948468 90954550
91026355 91037760
91031094 91037760
91027538 91037760
91032263 91037760
91175147 91196859
92177134 92186095
92178310 92186095
92179500 92186095
92181880 92190820
92183217 92190820
92184463 92191011
92186962 92195559
92188236 92195559
92189482 92195559
92192030 92200305
92193213 92200305
92194396 92200305
92196762 92205023
92197938 92205023
92199121 92205023
92201522 92209825
92202712 92209825
92203902 92210001
92206282 92214853
92207458 92214853
92214584 92223125
92215781 92223125
92216992 92223125
92219386 92227864
92220569 92227864
92221766 92227864
92224174 92232603
92225350 92232603
92226526 92232603
92228899 92237636
92230082 92237636
92231265 92237636
92233659 92242662
92234849 92242662
92236046 92242662
92238461 92247709
92239658 92247709
92240834 92247709
93007243 93015903
93008482 93015903
93009721 93016017
93012178 93020663
93013375 93020663
93014558 93020770
93016938 93025430
93018114 93025430
93019297 93025430
93021691 93030218
93023021 93030218
93024407 93030218
93026976 93034999
93028250 93034999
93029538 93034999
93032191 93039780
93033465 93039780
93035824 93043336
93037014 93043336
93038204 93043336
93082143 93091321
93083340 93091321
93084530 93091321
93086917 93096060
93088100 93096060
93089297 93096060
93091670 93100799
93092972 93100799
93094225 93100799
93096745 93105587
93097998 93105587
93099251 93105587
93101792 93110354
93102975 93110354
93104179 93110354
93106566 93115107
93107756 93115107
93108932 93115107
93111291 93119867
93112474 93119867
93113664 93119867
93231922 93241002
93233231 93241002
93234491 93241002
93237004 93245818
93238243 93245818
93239496 93245818
93242023 93250599
93243199 93250599
93244389 93250599
93246825 93255324
93247994 93255324
93249184 93255324
93251564 93260077
93252768 93260077
93255554 93263647
93256562 93263647
93257759 93263647
93260125 93268386
93261315 93268386
93262491 93268386
93461438 93467788
93462712 93467788
93464042 93467788
93466562 93472541
93722797 93743025
94108315 94128865
94109498 94155475
94110681 94155475
94111871 94155475
94947944 94956114
94949134 94956114
94950317 94956114
94952690 94960867
94953873 94960867
94955336 94960867
94957849 94965781
94959102 94965781
94960362 94965781
94962910 94970779
94964170 94970779
94966690 94974510
94967943 94974510
94969189 94974510
94971660 94979305
94972850 94979305
94974040 94979305
94976406 94984058
94977589 94984058
94978765 94984058
95819577 95840134
95820753 95866744
95822104 95866744
95823392 95866879
97189792 97210349
97268206 97279359
97269410 97279359
97271811 97280009
97272994 97280009
97274170 97280009
97276571 97285056
97277747 97285056
97278979 97285198
97281366 97289809
97282549 97289809
97283739 97289809
97286126 97294562
97287337 97294562
97289717 97298097
97290907 97298097
97292097 97298097
97294652 97303004
97295919 97303004
97297179 97303004
97299692 97307988
97300959 97307988
97302219 97307988
97753551 97774122
97937084 97957249
100238054 100246785
100239391 100246785
100241946 100247435
100243136 100247435
100244326 100247435
100246923 100252629
100248218 100252629
100249499 100252629
100252061 100257760
100253349 100257760
100254658 100257760
100257227 100262877
100258522 100262877
100259810 100262877
100262526 100267896
100263709 100267896
100264913 100267896
100267286 100273195
100268462 100273195
100269645 100273195
100272039 100278333
100273425 100278333
100281055 100287384
100282350 100287384
100283652 100287384
100286207 100292571
100287481 100292571
100288762 100292571
100291387 100297450
100292577 100297450
100293767 100297450
100296168 100302714
100297323 100302714
100298513 100302714
100300865 100307852
100302202 100307852
100303504 100307852
100306080 100313032
100307375 100313032
100308649 100313032
100311239 100318016
100312513 100318016
100313815 100318016
100478777 100489307
100479967 100489307
100482340 100489957
100483537 100489957
100484720 100489957
100487086 100494892
100488269 100494892
100489459 100494892
100491825 100499925
100493015 100499925
100494198 100499925
100496571 100505161
100497754 100505161
100499000 100505161
100501618 100510229
100502878 100510229
100505391 100513778
100506770 100513778
100508051 100513778
100510613 100518566
100511901 100518566
100513196 100518679
100675141 100684516
100676394 100684516
100678893 100685166
100680139 100685166
100681406 100685166
100683870 100690045
100685074 100690045
100686257 100690045
100687468 100693909
100688637 100693909
100689820 100693909
100692186 100699082
100693383 100699082
100694601 100699082
100696981 100704241
100698171 100704241
100699361 100704241
100701727 100709372
100703120 100709372
100704394 100709372
100706970 100714370
100708272 100714370
100709560 100714370
100716945 100724345
100718128 100724345
100719304 100724345
100721691 100729553
100722909 100729553
100724260 100729553
100733262 100742266
100735768 100742916
100737014 100742916
100738267 100742916
100740710 100747697
100741907 100747697
100743097 100747697
100745491 100752457
100746667 100752457
100747857 100752457
100824220 100845946
101049984 101070562
101051181 101097172
101052378 101097172
101053575 101097172
101793370 101813948
102208001 102228509
104942334 104950461
104943510 104950461
104944686 104950461
104947066 104955487
104948256 104955487
104949453 104955749
104951861 104959246
104953044 104959494
104955466 104964223
104956656 104964223
104957853 104964223
104960478 104968983
104961745 104968983
104963005 104968983
105548968 105560660
105550172 105560660
105552559 105561310
105553889 105561310
105555142 105561310
105557641 105566119
105558845 105566119
105560091 105566119
105562611 105571068
105563815 105571068
105564998 105571068
105567399 105575828
105568582 105575828
105569772 105575828
105572145 105580574
105573335 105580574
105574546 105580574
105576919 105585369
105578109 105585369
105580510 105588925
105581693 105588925
105582883 105588925
105924322 105935671
105925491 105935671
105927864 105936321
105929068 105936321
105930300 105936321
105931504 105939905
105932687 105939905
105933877 105939905
105936278 105944679
105937468 105944679
105938875 105944679
105941255 105949439
105942431 105949439
105943635 105949439
105946029 105954220
105947219 105954220
105948409 105954220
105950789 105959260
105951979 105959260
105953155 105959260
105955535 105964314
105956732 105964314
105957929 105964314
105996751 106017294
105997920 106043904
105999110 106043904
106000293 106043904
108854340 108863865
120055623 120076010
123293555 123314077
124203842 124223902
124205046 124250512
124206243 124250512
124207426 124250512
124279463 124299880
124587918 124608027
124746629 124766892
125043786 125064207
125044962 125064207
127213905 127234119
128208682 128230219
133539826 133560110
151233285 151253863
152023613 152070116
152024803 152070116
152854212 152874727
152855416 152900037
169232791 169253236
169233995 169279846
169235185 169279846
169236368 169279846
186217115 186237273
186442865 186463401
186444048 186488711
202564642 202584772
202562038 202606328
202563354 202606328
202565930 202611382
218136044 218154914
218134763 218177506
218137367 218181524
218138669 218181524
218139964 218181524
220415321 220434268
220416518 220460878
220417680 220460878
220418856 220460878
233599828 233614358
233605127 233618215
233595936 233635809
233597238 233635809
233598540 233635809
233601102 233640968
233602523 233640968
233603860 233640968
233606387 233644825
261180619 261183865
280318570 280330888
280314706 280352332
280315987 280352332
280317282 280352332
280319865 280357498
318092621 318111505
318097941 318116636
318093923 318138115
318095204 318138115
318096590 318138115
322558215 322578331
322555625 322599705
322556927 322599705
322559489 322604941
333661321 333680149
333660026 333701467
333662595 333706759
333663967 333706759
333665213 333706759
333748198 333762994
333744327 333784676
333745608 333784676
333747022 333784676
333749381 333789604
335851789 335870540
335857032 335875832
335853161 335897150
335854456 335897150
335855758 335897150
349131475 349151577
349127576 349172895
349128871 349172895
349130173 349172895
349132770 349178187
352127020 352133283
373683751 373702838
373681098 373724338
373682470 373724338
373685046 373729448
373686327 373729448
378046536 378065588
378044030 378087158
378045276 378087158
378047782 378092198
384774292 384788010
384775587 384814620
384776861 384814620
384778135 384814620
395952326 395971231
395951122 395992661
395953523 395997841
395954951 395997841
395956239 395997841
411538799 411557921
411534998 411579456
411536202 411579456
411537511 411579456
411540206 411584531
422135952 422147815
427050288 427069326
427046529 427090763
427047782 427090763
427049035 427090763
427051688 427095286
429162153 429173421
433792492 433811390
433791309 433834143
433793682 433838000
433794865 433838000
433796062 433838000
438231248 438250090
438229946 438271730
438232564 438276700
438233768 438276700
438235182 438276700
444917606 444937862
444916318 444959663
444918908 444964472
444920196 444964472
444921484 444964472
450154775 450168136
458283959 458303907
458279913 458325379
458281222 458325379
458282678 458325379
467209225 467253501
467210513 467253501
467211801 467253501
467213096 467258534
471159318 471161078
478119754 478133402
478400111 478419331
478397717 478440817
478398914 478440817
478401308 478445941
478402491 478445941
484975960 484989587
484980965 484994788
484985914 484999996
484977241 485016197
484978557 485016197
484979747 485016197
484982155 485021398
484983331 485021398
484984528 485021398
500491033 500510057
500496178 500515132
500492391 500536667
500493651 500536667
500494918 500536667
509443732 509454734
509439847 509476388
509441135 509476388
509442437 509476388
509445027 509480694
525036022 525054822
525034720 525076301
525037282 525081432
525038577 525081432
525039879 525081432
527214303 527233313
527219504 527238353
527215570 527259923
527216830 527259923
527218223 527259923
536163684 536178753
536168465 536184017
536159988 536200141
536161283 536200141
536162480 536200141
536164881 536205363
536166085 536205363
536167275 536205363
583139116 583145239
593788083 593805364
593783267 593825485
593784870 593825485
593786466 593825485
593789672 593831974
625049796 625065278
626978968 626994443
626984260 626998034
626976301 627016272
626977673 627016272
626980277 627021053
626981579 627021053
626982965 627021053
626985555 627024644
626986836 627024644
639160753 639182437
649145133 649165361
649142571 649186812
649143838 649186812
649146372 649191971
655825513 655837880
655830791 655842787
655822916 655859492
655824218 655859492
655826801 655864490
655828089 655864490
655829398 655864490
655831981 655869397
655833178 655869397
655834368 655869397
658094416 658099755
658090545 658121465
658091833 658121465
658093114 658121465
658095704 658126365
660247343 660258177
660252726 660263133
660248848 660284787
660250143 660284787
660251445 660284787
664745116 664757812
664748861 664762845
664746383 664784422
664747657 664784422
671959939 671970041
671962305 671973940
671963488 671973940
671964671 671973940
671967058 671979050
671968276 671979050
671970670 671983845
671971860 671983845
671973050 671983845
671975472 671988605
671976669 671988605
671977866 671988605
671980260 671992722
671981443 671992722
677917394 677920290
677922630 677925575
677927817 677930720
677933025 677936096
677937960 677941388
677918703 677946900
677919991 677946900
677921279 677946900
677923897 677952185
677925150 677952185
677926522 677952185
677929112 677957330
677930400 677957330
677931688 677957330
677934285 677962706
677935594 677962706
677936784 677962706
677939346 677967348
680101240 680113621
680094632 680135212
680098636 680135212
680099938 680135212
680102528 680140231
688121399 688121901
695656857 695666193
695660812 695671352
695666090 695677848
695658166 695692803
695659489 695692803
695662016 695697962
695663388 695697962
695664676 695697962
695667378 695704458
697902821 697909833
697900448 697931270
697901624 697931270
697904221 697936443
697905488 697936443
730148629 730150685
735517797 735536639
735516516 735558048
735519134 735563249
735520415 735563249
737708846 737731755
752956365 752960969
752962847 752986279
752940699 752986279
781392626 781436092
781404904 781436742
781397372 781436742
781460722 781462052
781462024 781462052
822632118 822634213
906828972 906849210
906830169 906849210
906832563 906853453
906833760 906853453
908909876 908924899
908911129 908924899
908912403 908924899
908915147 908929666
908916435 908929666
908917772 908929666
908920334 908934811
908921608 908934811
908922896 908934811
908925465 908939851
908926823 908939851
908928146 908939851
908930652 908943659
908932318 908943659
908934656 908943659
908937932 908948685
908939136 908948685
908940347 908948685
908941544 908956043
908943056 908956043
917614082 917638065
917615265 917638065
917617673 917641978
917618870 917641978
917620060 917641978
917622769 917646529
917624064 917646529
926343887 926365798
926345126 926365798
926346372 926365798
930595043 930596448
930600132 930600263
930604885 930605513
930589149 930614742
930591648 930614742
930593720 930614742
930596317 930623058
930597612 930623058
930598986 930623058
930601308 930626873
930602512 930626873
930603695 930626996
930606089 930632123
930607286 930632123
930608483 930632123
937053026 937070104
937051731 937090085
937054454 937096714
937055742 937096714
937057030 937096714
937138895 937157933
937135010 937179580
937136214 937179580
937137411 937179786
937140190 937184543
947915479 947918224
947916676 947918224
947917964 947918224
947920652 947923523
947921954 947923523
947923298 947923523
947925965 947928137
947927246 947928137
954043111 954067728
958714120 958716323
958712923 958737767
958715317 958742933
958716507 958742933
958717704 958742933
965184822 965189296
965186012 965189296
965187202 965189296
965189589 965194714
965190772 965194714
965191976 965194714
965194860 965199901
965196141 965199901
965197415 965199901
965200775 965205249
965202084 965205249
965203400 965205249
965205990 965212487
965207278 965212487
965208615 965212487
973812070 973830569
973810593 973851992
973813337 973857179
973814625 973857179
973815906 973857179
988995455 989004581
989000684 989008410
989005829 989013163
988996757 989031191
988998059 989031191
988999368 989031191
989001986 989035020
989003267 989035020
989004541 989035020
989007124 989039773
989122330 989134487
1003152262 1003156271
1010120601 1010140395
1014987281 1015000817
1014992468 1015006053
1014988576 1015027427
1014989878 1015027427
1014991166 1015027427
1014993777 1015032663
1014994981 1015032663
1014996178 1015032663
1017148055 1017158777
1024092797 1024098279
1025766203 1025784982
1025762283 1025806405
1025763585 1025806405
1025764887 1025806405
1025767498 1025811592
1028028792 1028047774
1028027518 1028069596
1028030087 1028074384
1028031389 1028074384
1028032670 1028074384
1038092545 1038107183
1040958317 1040978496
1040957064 1040999800
1040959591 1041005106
1040960844 1041005106
1052130324 1052154773
1064803614 1064810661
1064808787 1064816002
1064799715 1064833498
1064801017 1064833498
1064802312 1064833498
1064804888 1064837271
1064806176 1064837271
1064807541 1064837271
1064810068 1064842612
1073137436 1073140983
1074978394 1075017287
1074990210 1075017287
1075002229 1075017287
1079958180 1079977057
1079956892 1079998368
1079959531 1080003667
1079960770 1080003667
1079962023 1080003667
1080138136 1080161696
1087141405 1087154864
1088613533 1088633712
1088611083 1088655128
1088612294 1088655128
1088614786 1088660322
1088616228 1088660322
1088705793 1088709746
1088710938 1088714877
1088707074 1088736356
1088708362 1088736356
1088709664 1088736356
1099514913 1099534924
1099512330 1099556767
1099513618 1099556767
1099516187 1099561534
1115164505 1115186882
1116834621 1116848255
1116839773 1116853470
1116835909 1116874865
1116837246 1116874865
1116838499 1116874865
1134166446 1134178617
1134163702 1134200068
1134165011 1134200068
1134167706 1134205227
1134168959 1134205227
1332097921 1332103713
1423097816 1423101821
1424567025 1424583875
1424568299 1424583875
1424569587 1424583875
1426709144 1426728196
1426707891 1426750949
1426710558 1426754806
1426711839 1426754806
1426713120 1426754806
1799608440 1799627289
1799613466 1799632504
1799609756 1799653899
1799610953 1799653899
1799612143 1799653899
1801790361 1801802644
1801786504 1801825467
1801787792 1801825467
1801789080 1801825467
1801791712 1801829254
1815170322 1815207320
1816799159 1816813990
1816811647 1816840600
1816824002 1816840600
1816836413 1816840600
1819109796 1819128540
1819108536 1819149970
1819111238 1819155150
1819112533 1819155150
1819113814 1819155150
1829097053 1829103102
1838571133 1838586482
1838569551 1838607863
1838572428 1838613092
1838573702 1838613092
1838574976 1838613092
1843140026 1843163481
1847231694 1847246980
1847226647 1847268529
1847229202 1847268529
1847233290 1847273590
1847234578 1847273590
1864102583 1864115353
1871068094 1871086936
1871064237 1871109654
1871065567 1871109654
1871066834 1871109654
1871069347 1871113546
1871156826 1871175773
1878042614 1878067665
1890595784 1890610090
1890600929 1890614843
1890591913 1890631667
1890593117 1890631667
1890594503 1890631667
1890597079 1890636700
1890598353 1890636700
1890599648 1890636700
1890602238 1890641453
1890603512 1890641453
1912239105 1912259046
1912235157 1912280602
1912236459 1912280602
1912237761 1912280602
1916538701 1916551089
1916543860 1916556248
1916549201 1916561407
1916537413 1916573919
1916539996 1916577699
1916541277 1916577699
1916542565 1916577699
1916545127 1916582858
1916546674 1916582858
1916547927 1916582858
1927833383 1927848662
1934119544 1934124365
1936028927 1936048007
1936033939 1936053040
1936030117 1936074617
1936031321 1936074617
1936032679 1936074617
1946962633 1946963201
1948151898 1948160751
1949888304 1949913418
1949900211 1949940028
1949912139 1949940028
1949924060 1949940028
1969127867 1969150230
1975093155 1975095106
1975098020 1975100258
1975103214 1975105585
1975107148 1975110751
1975112426 1975115910
1975094345 1975121716
1975095528 1975121716
1975096732 1975121716
1975099350 1975126868
1975100631 1975126868
1975101919 1975126868
1975104523 1975132195
1975105811 1975132195
1975108548 1975137361
1975109850 1975137361
1975111145 1975137361
1975113700 1975141870
1990159017 1990174114
1990295433 1990314429
1990294243 1990335740
1990296616 1990341039
1990297813 1990341039
1990298996 1990341039
1997685739 1997709817
1997699172 1997709817
1997713263 1997735127
2005946698 2005966968
2005958514 2005992278
2018091425 2018100267
2024991010 2025009936
2024989750 2025031380
2024992256 2025036546
2024993516 2025036546
2024994965 2025036546
2040129483 2040132799
2040125528 2040154194
2040126893 2040154194
2040128195 2040154194
2040130778 2040158759
2060098019 2060107379
2066081612 2066123368
2074103591 2074103963
2081129743 2081140276
2083434647 2083453440
2083439792 2083458648
2083435935 2083480050
2083437223 2083480050
2083438504 2083480050
2089987298 2090006084
2089984722 2090029110
2089986010 2090029110
2089988586 2090032694
2089989874 2090032694
2092099030 2092117816
2092095033 2092139232
2092096426 2092139232
2092097700 2092139232
2092100283 2092144426
2107334488 2107354618
2107331919 2107376279
2107333200 2107376279
2107335762 2107381228
2114089985 2114133043
2133312279 2133327355
2133317480 2133331240
2133322639 2133336378
2133313623 2133353965
2133314890 2133353965
2133316185 2133353965
2133318768 2133357850
2133320063 2133357850
2133321358 2133357850
2142015960 2142032149
2142020713 2142036041
2142014609 2142053677
2142017150 2142058759
2142018326 2142058759
2142019509 2142058759
2142022078 2142062651
2142023359 2142062651
2144128077 2144145883
2146280248 2146299090
2146278974 2146320338
2146281550 2146325700
2146282817 2146325700
2146284098 2146325700
2157150940 2157158001
2157156008 2157163244
2157159872 2157168508
2157152137 2157184611
2157153320 2157184611
2157154706 2157184611
2157157303 2157189854
2157158577 2157189854
2172336628 2172345117
2172341626 2172350276
2172335340 2172366463
2172337909 2172371727
2172339232 2172371727
2172340422 2172371727
2172342823 2172376886
2172344020 2172376886
2172835917 2172854661
2176701975 2176720628
2176700694 2176742009
2176703256 2176747238
2176704558 2176747238
2176705839 2176747238
2181021066 2181033475
2181019869 2181054884
2181022249 2181060085
2181023432 2181060085
2181024622 2181060085
2183128087 2183143086
2183133253 2183148203
2183125434 2183165811
2183126680 2183165811
2183129389 2183169696
2183130677 2183169696
2183131951 2183169696
2183134562 2183174813
2194905202 2194912452
2194893470 2194934308
2194917116 2194939062
2194928904 2194939062
2204875232 2204894025
2204871319 2204915406
2204872600 2204915406
2204873874 2204915406
2204876492 2204919985
2207845269 2207852869
2207857694 2207878179
2211353732 2211365287
2211358940 2211370432
2211362923 2211375199
2211352444 2211386724
2211355034 2211391897
2211356350 2211391897
2211357652 2211391897
2211360319 2211397042
2211361516 2211397042
2211364211 2211401809
2214128609 2214130987
2220048859 2220067708
2220053941 2220072867
2220050147 2220094318
2220051554 2220094318
2220052751 2220094318
2221177623 2221185734
2228128994 2228148466
2243896970 2243915826
2243902157 2243920985
2243898293 2243942436
2243899567 2243942436
2243900862 2243942436
2259046104 2259064911
2259042170 2259086313
2259043465 2259086313
2259044753 2259086313
2259047399 2259091521
2261395304 2261443998
2272023341 2272042225
2272028374 2272047398
2272024601 2272068835
2272025854 2272068835
2272027121 2272068835
2274265105 2274277941
2274270243 2274283086
2274275409 2274288042
2274266302 2274304551
2274267625 2274304551
2274268850 2274304551
2274271538 2274309696
2274272826 2274309696
2274274107 2274309696
2274276704 2274314002
2274856899 2274876308
2274855716 2274898158
2274858222 2274902918
2274859482 2274902918
2274860749 2274902918
2278596180 2278607070
2278592288 2278630096
2278593583 2278630096
2278594885 2278630096
2278597468 2278633680
2285045539 2285064360
2285044209 2285085804
2285046778 2285090970
2285048017 2285090970
2285049403 2285090970
2289387695 2289406579
2289392987 2289411724
2289389039 2289433189
2289390292 2289433189
2289391713 2289433189
2295866405 2295885296
2295865089 2295906803
2295867707 2295911906
2295868974 2295911906
2298041522 2298060343
2298047150 2298065551
2298043293 2298086953
2298044567 2298086953
2298045869 2298086953
2299836518 2299842585
2299823869 2299861872
2299849055 2299869195
2299861431 2299869195
2305141433 2305162613
2315369644 2315388479
2315374747 2315393652
2315370988 2315415089
2315372241 2315415089
2315373494 2315415089
2320654847 2320670511
2324083958 2324095082
2324085253 2324095082
2324087829 2324098806
2324089103 2324098806
2324091763 2324104035
2324093023 2324104035
2324094311 2324104035
2324096887 2324109348
2324098175 2324109348
2324099498 2324109348
2324102039 2324114577
2324103278 2324114577
2324104524 2324114577
2324107065 2324119764
2324108262 2324119764
2324109459 2324119764
2324111986 2324125000
2324113274 2324125000
2324114562 2324125000
2324117145 2324129767
2324118475 2324129767
2324119784 2324129767
2356592959 2356612931
2356594233 2356612931
2356595521 2356612931
2356603319 2356618146
2356604593 2356618146
2356605867 2356618146
2356608366 2356623368
2356609556 2356623368
2356610753 2356623368
2356613126 2356628520
2356614316 2356628520
2356615492 2356628520
2356617851 2356633658
2356619034 2356633658
2356620238 2356633658
2356622919 2356637431
2356624221 2356637431
2356625495 2356637431
2356628120 2356641066
2361126418 2361150916
2368135098 2368152897
2378230365 2378245119
2378235398 2378250362
2378227733 2378266598
2378229021 2378266598
2378231625 2378271729
2378232871 2378271729
2378234110 2378271729
2378236588 2378276972
2378237939 2378276972
2389099581 2389107575
2397760274 2397782136
2399937967 2399952448
2399943308 2399957369
2399948488 2399962094
2399939388 2399979058
2399940683 2399979058
2399942013 2399979058
2399944603 2399983979
2399945891 2399983979
2399947193 2399983979
2415118041 2415136953
2415114030 2415158537
2415115409 2415158537
2415116704 2415158537
2415119322 2415163563
2417819740 2417838386
2419456375 2419470282
2419455080 2419491922
2419457677 2419496892
2419459014 2419496892
2419460302 2419496892
2431165338 2431167296
2436801920 2436820986
2436798280 2436842444
2436799547 2436842444
2436800730 2436842444
2436803103 2436847596
2438081863 2438098293
2441155353 2441174468
2441160694 2441179445
2441156753 2441201078
2441158104 2441201078
2441159406 2441201078
2449813450 2449830069
2449816033 2449835305
2449817328 2449835305
2449818763 2449835305
2451951215 2451968692
2451956122 2451969987
2451952545 2451995302
2451953735 2451995302
2451954939 2451995302
2460639993 2460656640
2460642380 2460661638
2460643563 2460661638
2460644928 2460661638
2460647567 2460666923
2460648855 2460666923
2460650157 2460666923
2460652726 2460672236
2460654007 2460672236
2460655288 2460672236
2460657668 2460677374
2460658865 2460677374
2460660048 2460677374
2460662414 2460682421
2460663597 2460682421
2460664801 2460682421
2460667321 2460685963
2460668567 2460685963
2460669813 2460685963
2464911442 2464931404
2464916664 2464935359
2464912730 2464958014
2464914025 2464958014
2464915320 2464958014
2467088344 2467107074
2467084284 2467128693
2467085719 2467128693
2467087063 2467128693
2467089632 2467133684
2473605575 2473624326
2473602964 2473647163
2473604322 2473647163
2473606849 2473650936
2473608116 2473650936
2477960289 2477978525
2477961500 2477978525
2477963880 2477983747
2477965063 2477983747
2477966400 2477983747
2477968913 2477988969
2477970180 2477988969
2477971426 2477988969
2477974009 2477994093
2477975213 2477994093
2477976410 2477994093
2482303537 2482307231
2482308549 2482312215
2482312350 2482317493
2482317453 2482322638
2482299974 2482328878
2482301164 2482328878
2482302389 2482328878
2482304727 2482333841
2482306036 2482333841
2482307296 2482333841
2482309816 2482338825
2482311083 2482338825
2482313617 2482344103
2482314912 2482344103
2482316102 2482344103
2482318776 2482349248
2487829162 2487850699
2501778608 2501797261
2501775843 2501818565
2501777166 2501818565
2501779896 2501823871
2501781191 2501823871
2503957659 2503976536
2503955139 2503998239
2503956406 2503998239
2503958926 2504003146
2503960172 2504003146
2508145920 2508152799
2508313563 2508313568
2508318330 2508318601
2508321907 2508323718
2508326639 2508328751
2508331693 2508333875
2508311197 2508335124
2508312380 2508335124
2508314739 2508340178
2508315929 2508340178
2508317133 2508340178
2508319520 2508345211
2508320710 2508345211
2508323083 2508350328
2508324266 2508350328
2508325449 2508350328
2508327829 2508355361
2508328998 2508355361
2508330405 2508355361
2508332981 2508359185
2522067219 2522069961
2522068829 2522096571
2522070432 2522096571
2522072042 2522096571
2529143134 2529154598
2536078321 2536094527
2543049257 2543059258
2550124864 2550140906
2555932141 2555951109
2555928179 2555972987
2555929362 2555972987
2555930811 2555972987
2555933443 2555977719
2558038245 2558057087
2558046981 2558062253
2558040450 2558083697
2558042879 2558083697
2558045392 2558083697
2564129519 2564132772
2573177341 2573190989
2573176088 2573212552
2573178881 2573217599
2573180218 2573217599
2573457285 2573477333
2575351730 2575368269
2575349364 2575389734
2575350540 2575389734
2575352934 2575394879
2575354110 2575394879
2581840401 2581853930
2581837825 2581875444
2581839120 2581875444
2581841738 2581880540
2581842984 2581880540
2584010667 2584011060
2584015798 2584016289
2584020964 2584022197
2584026137 2584030996
2584027327 2584030996
2584028524 2584030996
2584030918 2584037387
2584032115 2584037387
2584033291 2584037387
2586095988 2586105891
2586101007 2586111806
2586106012 2586119926
2586097248 2586132501
2586098508 2586132501
2586099747 2586132501
2586102253 2586138416
2586103499 2586138416
2586104745 2586138416
2586189697 2586195757
2586185910 2586217397
2586187177 2586217397
2586188437 2586217397
2586190950 2586222367
2588342470 2588343850
2588342838 2588344218
2588343206 2588344586
2588345460 2588346794
2588345828 2588347162
2588346196 2588347530
2588348450 2588349048
2588348864 2588349416
2588350750 2588352084
2588351118 2588352452
2588351486 2588352820
2588353740 2588355166
2588354108 2588355534
2588354476 2588355902
2588356730 2588358110
2588357098 2588358478
2588357466 2588358846
2588359720 2588361054
2588360088 2588361422
2588360548 2588361790
2588362848 2588363998
2588363216 2588364366
2588363584 2588364734
2588365838 2588366942
2588366206 2588367310
2588366574 2588367678
2588368828 2588369978
2588369242 2588370346
2588369610 2588370714
2588371818 2588373152
2588372232 2588373520
2588372600 2588373888
2588374808 2588375406
2588375176 2588375774
2588377890 2588378488
2588378258 2588378856
2588380144 2588381432
2588380558 2588381800
2588380926 2588382168
2588383134 2588383916
2588386308 2588387550
2588386722 2588387918
2588387090 2588388286
2588389298 2588390540
2588389666 2588390908
2588390034 2588391276
2588392288 2588393668
2588392656 2588394036
2588393024 2588394404
2588395278 2588395554
2588398406 2588398544
2588401442 2588401948
2588401810 2588402316
2588416438 2588417036
2588416806 2588417404
2588419474 2588420026
2588419842 2588420394
2588422464 2588423016
2588422832 2588423384
2588428628 2588429042
2588437184 2588437506
