7890106 7956667
7893025 7961221
8250312 8291495
8512651 8537073
8515549 8565503
8518734 8568309
14650077 14667907
35885093 35900503
50131937 50137457
97695891 97699755
97703987 97723859
97712773 97725515
97717557 97731403
97721329 97732921
97719673 97732967
97884583 97887619
98175165 98185515
98181283 98188413
137651905 137673893
137653791 137700481
141434071 141457899
142428867 142446761
147549495 147572495
147553221 147599819
153745557 153787279
161130443 161163195
165534207 165559369
165536093 165584715
203412171 203427397
205112837 205128201
206609769 206629871
222426823 222442095
236714239 236732133
292173679 292186053
292171287 292204637
292175933 292212687
314211681 314226355
314207265 314244617
314209611 314246227
316808933 316831703
316819099 316853967
316822779 316855669
324174315 324191335
324169761 324208355
324171785 324209919
370557679 370569271
370539095 370583853
428363579 428364177
428353183 428380323
428370157 428390167
444485751 444499321
444482301 444515145
444488189 444525955
454490291 454491533
454498341 454501837
454493971 454518121
454495995 454519777
454501515 454528471
459200139 459210167
459203267 459213019
469335043 469347739
469336837 469374327
469339965 469377133
486996329 487026919
486994397 487035015
486996375 487036579
489761343 489799661
489764563 489802559
499201555 499217471
504465151 504471177
504462989 504487829
504467313 504497765
504470579 504500617
504474535 504505953
511821747 511822253
511811765 511826439
511814249 511828187
511816825 511834627
511819309 511836145
511831453 511848887
561693889 561694165
561840721 561857465
561840951 561859075
588971153 588982929
589060531 589100229
598902691 598923069
598905175 598924725
598911017 598931257
598913363 598932959
598916675 598947725
606243785 606250087
606241715 606266509
606246177 606276399
606246085 606276859
638433389 638467199
638435735 638468901
638439599 638480907
643170147 643179163
643159337 643185189
643161775 643186707
643165363 643192963
643167755 643194665
643172447 643205797
643330641 643344625
668183291 668194055
668189225 668204267
668185499 668220689
678345335 678359503
678348969 678386137
678351545 678387885
688680201 688695151
688675923 688714241
688678085 688715989
698834149 698868787
698837599 698878079
698839623 698879827
713547019 713550791
713555345 713562015
713542971 713566937
713545041 713568685
713550515 713577425
