18438813 18462635
18449622 18462957
22578750 22591124
28728176 28768934
28888389 28891811
29207727 29215102
29561535 29603363
32178501 32192876
49847393 49857050
69288300 69315884
69300189 69318138
117320688 117322211
117332721 117348821
119926458 119940122
119939940 119945447
144653553 144667880
144666000 144691294
149923395 149928821
149936049 149950365
155549934 155562101
155561940 155564493
158280327 158283809
158292135 158307864
158303070 158309060
160899687 160903931
171918540 171935670
182860467 182863227
207405063 207419012
207416439 207421312
240189147 240200864
245447782 245460059
278487207 278524750
302880312 302882024
302892102 302908634
311188581 311189105
311176296 311191973
358804409 358847779
392973723 392987042
430763859 430779269
764452908 764457425
764465553 764479743
857235222 857248073
857245779 857249358
880828569 880839679
925540299 925548869
1069761969 1069773979
1078192989 1078219394
1078204086 1078221694
1078215390 1078222154
1120279266 1120294407
1250257689 1250275364
1250270091 1250277848
1285964613 1285978598
1285977051 1285990701
