1840448 1862988
1957804 1979480
13990398 14040296
13991418 14040296
95348100 95367902
95347038 95393862
96572976 96582996
96574080 96582996
96580800 96588140
96581892 96588140
96582996 96588140
96585120 96592238
96586128 96592238
96587142 96592238
96623076 96629876
96626508 96629876
96630918 96634280
96635208 96638372
96639306 96642860
96624294 96656486
96627606 96656486
96625398 96656486
96628710 96656486
96629808 96656854
96632070 96660890
96633180 96660890
96634188 96660890
96636228 96664982
96637254 96664982
96638274 96664982
96640382 96669470
96641484 96669470
96673044 96676826
96674154 96703436
96675252 96703436
96676356 96703436
96723168 96743972
96724272 96770582
96725376 96770582
96726474 96770582
195845280 195867500
195846288 195894110
195847302 195894110
326176466 326199574
393271482 393292298
395037354 395058170
395036244 395080292
395038452 395084780
395039550 395084780
395040762 395084780
395826984 395835552
680755368 680760082
770505630 770511644
795435642 795443462
795436662 795443462
795564204 795573458
795565230 795573458
795566238 795573458
797079738 797089154
797080806 797089154
797081904 797089154
1216086396 1216101866
1437097632 1437113720
1437126342 1437139030
1508493420 1508515132
1595618700 1595631410
1595617602 1595656070
1595644704 1595658932
1596317916 1596331100
1596318984 1596357710
1596320082 1596357710
1596321114 1596357710
1606365186 1606366598
1606366296 1606366598
1610115240 1610121434
1610116356 1610121434
1611174702 1611181580
1611175776 1611181580
1611176868 1611181580
2180584926 2180594414
2210634822 2210636732
2282438448 2282461076
2624461968 2624463250
2852613324 2852659474
2858461068 2858481638
2972623968 2972646712
2990989500 2991005536
2996493492 2996507306
3110716050 3110718428
3217755642 3217762136
3217766400 3217787798
3218794782 3218810030
3218797914 3218814458
3218793606 3218832242
3218795868 3218836640
3218796882 3218836640
3218798940 3218841068
3218799960 3218841068
3218800992 3218841068
3219188214 3219194748
3219189288 3219194748
3220657536 3220672970
3220654218 3220695086
3220655244 3220695086
3220656414 3220695086
3220658634 3220699580
3223723062 3223725254
3224354412 3224361752
3224355614 3224361752
3226216932 3226233356
3226221378 3226236734
3226218036 3226259966
3226219146 3226259966
3226220262 3226259966
3235698042 3235710458
3235708122 3235710458
3237332004 3237352814
3237329730 3237375002
3237330858 3237375002
3237333090 3237379424
3242157786 3242167226
3242158800 3242167226
3242159838 3242167226
3244844814 3244869200
3244845816 3244869200
3244846824 3244869200
3245181048 3245190026
3245182068 3245190026
3245183076 3245190026
3251458584 3251467820
3251459694 3251467820
3252190866 3252210830
3252189798 3252234182
3252191970 3252237440
3252193038 3252237440
3252194112 3252237440
3259655946 3259658558
3261846882 3261849638
3261847980 3261849638
3261849078 3261849638
3263401470 3263419748
3263405922 3263424212
3263407014 3263424212
3263408124 3263424212
3266141826 3266145412
4220475906 4220495312
4244528886 4244542094
4310920404 4310938076
4376524362 4376570104
4424470854 4424478488
4618737660 4618759570
4706594658 4706617150
4724629464 4724650790
4760505444 4760529974
