68880 119118
1477864 1494628
1480072 1494628
1489016 1505256
1487912 1505256
1491232 1505256
1527984 1542972
1533800 1544272
1532424 1544272
1536016 1544272
1538232 1546496
1537120 1546496
1540432 1546496
1542648 1550912
1541552 1550912
1544872 1550912
1547096 1555632
1546000 1555632
1549304 1555632
1551504 1560072
1550400 1560072
1553712 1560072
1555928 1564496
1554824 1564496
1558120 1564496
1560344 1568904
1559216 1568904
1681104 1683410
1682200 1683410
1683296 1683410
1918736 1930376
1922088 1930376
1920960 1930376
1923184 1931488
1926496 1931488
1925392 1931488
1927600 1935912
1930920 1935912
1929824 1935912
1932032 1940360
1935360 1940360
1934256 1940360
1936464 1945264
1975600 1990600
1978936 1990600
1977824 1990600
1980040 1992800
1983704 1992800
1982592 1992800
1984808 1997276
1988360 1997276
1987008 1997276
1989704 2000552
1993016 2000552
1991920 2000552
1994112 2005432
1997448 2005432
1996344 2005432
1998808 2009848
2002112 2009848
2001000 2009848
2003232 2014280
2006800 2014280
2005616 2014280
2007904 2018688
2049728 2062024
2048616 2062024
2051928 2062024
2054144 2064224
2053040 2064224
2056360 2064224
2058568 2068168
2057464 2068168
2060800 2068268
2063016 2072584
2061904 2072584
2065216 2072584
2067416 2077000
2066320 2077000
2069632 2077000
2071848 2081432
2070744 2081432
2074064 2081432
2076288 2085864
2075176 2085864
2078976 2085864
2081192 2090256
2080080 2090256
2120424 2134216
2125944 2134216
2123744 2134216
2124848 2134216
2118208 2134492
2128160 2134676
2130368 2138632
2129256 2138632
2132584 2138632
2134814 2143064
2133680 2143064
2136984 2143064
2139184 2147496
2138080 2147496
2143024 2151920
2141864 2151920
2145240 2151920
2147712 2156344
2146360 2156344
2149920 2156344
2152144 2161152
2151032 2161152
2193520 2203868
2194624 2205168
2197976 2205168
2196856 2205168
2250016 2261272
2253472 2261272
2252240 2261272
2255152 2265696
2440856 2455792
2443048 2455792
4531920 4573708
4662152 4665230
4663272 4665230
4666584 4675278
4664384 4699030
4665488 4699030
4667680 4701888
4849352 4856894
4850456 4883504
4851568 4883504
4915416 4936278
4916512 4962888
4917624 4962888
4918728 4962888
4969088 4976168
4970192 4976168
4971296 4976168
9249520 9292080
14071920 14088654
14076400 14093854
14073040 14115264
14074160 14115264
14075288 14115264
14078096 14120464
14079224 14120464
15114856 15134550
15119360 15139030
15115976 15161160
15117096 15161160
15118224 15161160
16520912 16538350
16525392 16542846
16522032 16564960
16523160 16564960
16524272 16564960
21363440 21378654
21367928 21383134
21364560 21405264
21365672 21405264
21366808 21405264
23813208 23827982
23816608 23832878
23821104 23837390
23814360 23854592
23815496 23854592
23817736 23859488
23818856 23859488
23819976 23859488
26266584 26286254
26271440 26290750
26267712 26312864
26269088 26312864
26270320 26312864
27752352 27774542
27763552 27774542
27774672 27800502
27785872 27800502
28654096 28665902
28657472 28670390
28651832 28687696
28652968 28687696
28655216 28692512
28656344 28692512
28658592 28697000
30696792 30699730
30697920 30699730
30699048 30699730
32414480 32415994
32415608 32415994
33481528 33500262
35768032 35792942
35929400 35950182
35934392 35953566
35930536 35976792
35931672 35976792
35933160 35976792
38380760 38400438
38385256 38404934
38381880 38427048
38383008 38427048
38384136 38427048
40765848 40784198
40761648 40806152
40763248 40806152
40764384 40806152
40767216 40810808
45671648 45691358
45668288 45713472
45669400 45713472
45670528 45713472
45672768 45717318
48052456 48070886
48049224 48092272
48050848 48092272
48053592 48097496
50507496 50527174
50505248 50549296
50506368 50549296
50508616 50553784
50509736 50553784
52956336 52971526
52961232 52976006
52954088 52994760
52955208 52994760
52957856 52998136
52958984 52998136
52960104 52998136
52962360 53002616
52963480 53002616
55337664 55351678
55342192 55356782
55336536 55374144
55338800 55378288
55339928 55378288
55341072 55378288
55343312 55383392
55344576 55383392
55345832 55383392
60137072 60161246
60129184 60175088
60144984 60192854
60150632 60199662
60413320 60425470
60388064 60427108
60506496 60511246
60502864 60512374
60508968 60521406
60513688 60525910
60504240 60537684
60535288 60542622
60550424 60562854
60536408 60567932
60539808 60579806
60551544 60588164
60589152 60605470
60595912 60609974
60630136 60643054
60656632 60669518
60672032 60687798
60673160 60713108
60918608 60925942
60953800 60957726
60954920 60984336
60956048 60984336
60957488 60984336
60984696 60988430
60989496 60992934
60990616 61019544
60992000 61019544
60993128 61019544
61013816 61036436
61030760 61049348
61137664 61140126
61243696 61260030
61245160 61285990
61246280 61285990
61328136 61341102
61393312 61406262
61394432 61406262
61395560 61432872
61396688 61432872
61397808 61432872
62652248 62671934
62648872 62695176
62650000 62695176
62651128 62695176
62653792 62698544
65039992 65053958
65045528 65058710
65037592 65076536
65038736 65076536
65041920 65080568
65043048 65080568
65044408 65080568
65046648 65085320
65047768 65085320
70660792 70680462
70658552 70703694
70659672 70703694
70661912 70707072
70663176 70707072
71168408 71187766
71166152 71209864
71167288 71209864
71169536 71214376
71170656 71214376
72378024 72397702
72383048 72402198
72379152 72424312
72380280 72424312
72381928 72424312
74324872 74334374
74323736 74359684
74319240 74364220
74454056 74461246
74452360 74483976
74455328 74487856
74449248 74491948
74487688 74527104
74525240 74543614
74566424 74588286
74555888 74593742
74586048 74609062
74581456 74620540
74579152 74622992
74608376 74650622
74658744 74686972
74662200 74689350
74678344 74696456
74684104 74696456
74685704 74697616
74705984 74726782
74716160 74732422
74731136 74747582
74743656 74749860
74717728 74763396
74728400 74771904
74912240 74958502
74913376 74958502
76045280 76067542
76046424 76067542
76106032 76106278
76117312 76132238
76128592 76132238
76126936 76136336
76128056 76136336
76129176 76136336
76131456 76140968
76132576 76140968
76134832 76145600
76135960 76145600
76137080 76145600
76139328 76150200
76140456 76150200
76141600 76150200
76143864 76154784
76144984 76154784
76146104 76154784
76148352 76159416
76149472 76159416
76150608 76159416
76152864 76163920
76153992 76163920
76155112 76163920
82941656 82986328
82942808 82986328
83773416 83786918
83770648 83789166
83748912 83794976
83747784 83794976
83774584 83812228
83771784 83815776
83809096 83826862
83810208 83853472
83825968 83857258
83811344 83857982
83812464 83857982
83861448 83876630
83862584 83903240
83863696 83903240
83927528 83934782
83930880 83934782
83901312 83937572
83935656 83939286
83912592 83943386
83926104 83943386
83937232 83943386
83940200 83943798
83928648 83961392
83932016 83961392
83929776 83961392
83933408 83961392
83934544 83961668
83936792 83965896
83937904 83965896
83939040 83965896
83941288 83970408
83942440 83970408
83943528 83970408
84130408 84180590
84171736 84192526
84182960 84229750
84203552 84245352
84241152 84282952
84266192 84316984
84267312 84316984
84409480 84447262
85063936 85079892
85087528 85099334
85088640 85125944
85089776 85125944
85090904 85125944
85476952 85478284
85479200 85498672
85480376 85498672
85481472 85506222
87040344 87044902
87029736 87076964
87088120 87110038
87106304 87117054
87131064 87147358
87173448 87192006
87153936 87199088
87197448 87211174
87205368 87214550
87207624 87225038
87181352 87226974
87203112 87243408
87247488 87266030
87222312 87268256
87241840 87279880
87249744 87286350
87221200 87286648
91764824 91780934
91776032 91806894
91787392 91806894
123768032 123797392
191276728 191296430
191274496 191318296
191275624 191318296
191277856 191323040
191278976 191323040
201029384 201046838
201026032 201068592
201027144 201068592
201028256 201068592
201030552 201073448
203789312 203818262
205907312 205919208
205908448 205919208
205909568 205919208
206986736 207003792
206988976 207008280
206990104 207008280
206991224 207008280
206993504 207012760
206994640 207012760
206995760 207012760
206997992 207017264
206999112 207017264
207000240 207017264
207002472 207021768
207003592 207021768
207004728 207021768
207006984 207025168
207008112 207025168
207009240 207025168
207011480 207029648
207013120 207029648
207014400 207029648
207017080 207034144
207018192 207034144
207019328 207034144
218049344 218057254
218036472 218079384
218050480 218083864
218051600 218083864
218052720 218083864
219745072 219768142
219756272 219794102
219767712 219794102
220430920 220437422
220435440 220443150
220439944 220448366
220429800 220459264
220432048 220464032
220433176 220464032
220434320 220464032
220436560 220469760
220437680 220469760
220438800 220469760
220441072 220474976
225338112 225357782
225343008 225362294
225339224 225384392
225340352 225384392
225341872 225384392
227747632 227770542
227769952 227770542
227758912 227795852
227781232 227795852
230174896 230177752
230176024 230177752
230178280 230183192
230179416 230183192
230180560 230183192
230182808 230187712
230183928 230187712
230185056 230187712
230187296 230192328
230188424 230192328
230189544 230192328
230191792 230197184
230192952 230197184
230194040 230197184
230196296 230201696
230197424 230201696
230198568 230201696
230200832 230206200
230201952 230206200
230203104 230206200
230205832 230210696
230206960 230210696
230208080 230210696
230210320 230215192
230211440 230215192
230212560 230215192
230214800 230219696
230215928 230219696
230218192 230222422
230219352 230222422
237460104 237495152
237488368 237499664
237489496 237499664
237490616 237499664
238511544 238520798
238516040 238525286
238512664 238547408
238513784 238547408
238514920 238547408
239838728 239856854
239835400 239878376
239836568 239878376
239840312 239883464
239841432 239883464
242295504 242312902
242289864 242335000
242291008 242335000
242292128 242335000
242296632 242339512
247136848 247141128
252026840 252055160
252027976 252055160
252029528 252055160
252040768 252059632
252041888 252059632
252043016 252059632
252045272 252064136
252046400 252064136
252047520 252064136
252049768 252068624
252050896 252068624
252052024 252068624
252054256 252073112
252055392 252073112
252056520 252073112
254476656 254518464
254486744 254518464
254487864 254518464
254502872 254521660
256881976 256890382
256884232 256892638
256883104 256916342
256885360 256918598
256915032 256919248
256911624 256919248
256912776 256919248
261692600 261715232
261707824 261720448
261708952 261720448
261710080 261720448
261711208 261725496
261712336 261725496
261713472 261725496
261715720 261729396
266579080 266617552
266602416 266622040
266603536 266622040
268963320 268996760
268964456 268996760
268977792 269001334
268978928 269001334
283756832 283796622
283767712 283796668
287081304 287090782
287084680 287095350
287089152 287099854
287077928 287112896
287079056 287112896
287080184 287112896
287082424 287117392
287083544 287117392
287085792 287121960
287086912 287121960
287088024 287121960
287090280 287126464
287091408 287126464
307772752 307802272
307783872 307802272
317576104 317589846
317579504 317594686
317584016 317599158
317574976 317611976
317577248 317616456
317578368 317616456
317580624 317621296
317581776 317621296
317582896 317621296
319956584 319965390
319961072 319970630
319966000 319975126
319970496 319979646
319955464 319986544
319957712 319992000
319958832 319992000
319959952 319992000
319962200 319997240
319963320 319997240
319964448 319997240
319967120 320001736
319968240 320001736
319969368 320001736
324781576 324800294
324786504 324805294
324782960 324826904
324784112 324826904
324785256 324826904
329683216 329721616
329709520 329726088
329710640 329726088
329711760 329726088
332067952 332086126
332065656 332109200
332066792 332109200
332069192 332112736
332070320 332112736
334536744 334548040
334537872 334548040
334538984 334548040
334541232 334553264
334542360 334553264
334543528 334553264
334545776 334558472
334546888 334558472
334548000 334558472
334550248 334561956
341803208 341817030
347773552 347780942
347762352 347801852
347784832 347806252
355765232 355805952
355776512 355805952
355787792 355805952
368497224 368504982
368501688 368509718
368494992 368525408
368496112 368525408
368498344 368531592
368499464 368531592
368500576 368531592
368502816 368536328
368504200 368536328
368505328 368536328
373403760 373413344
373405224 373413344
373407480 373417872
373408616 373417872
373409752 373417872
373412000 373422384
373413136 373422384
373414256 373422384
373416504 373426144
373417624 373426144
373418776 373426144
373421016 373430648
373422144 373430648
373424408 373435144
373425544 373435144
373426664 373435144
373428912 373439640
373430040 373439640
373431152 373439640
373433400 373444168
373434528 373444168
373435648 373444168
373438336 373448664
373439456 373448664
373440608 373448664
373442872 373451868
378250408 378266976
383103856 383115206
383097832 383137304
383101600 383137304
383102720 383137304
383104968 383141816
385475752 385496294
385473400 385517216
385474512 385517216
385477224 385522904
387780512 387809222
387947352 387957686
387946216 387979784
387948480 387984296
387949624 387984296
390401592 390406054
390406088 390410558
390389776 390428168
390399336 390428168
390400456 390428168
390402704 390432664
390403832 390432664
390404952 390432664
390407208 390437168
392800704 392807528
392801824 392807528
397695016 397715032
397696152 397715032
397698400 397718870
397699544 397718870
400053992 400060150
400058512 400065238
400063552 400070190
400068048 400075910
400052864 400081584
400055136 400086760
400056264 400086760
400057392 400086760
400059632 400091848
400061048 400091848
400062432 400091848
400064664 400096800
400065808 400096800
400066920 400096800
400069176 400101870
402506672 402515288
402507824 402515288
402508960 402515288
402511216 402520384
402512328 402520384
402513456 402520384
402515696 402525608
402516832 402525608
402517952 402525608
402520200 402530832
402521328 402530832
402522432 402530832
402524704 402535312
402526608 402535312
402527736 402535312
402530000 402540072
402531120 402540072
402532240 402540072
402534464 402544568
402535592 402544568
402536712 402544568
402538960 402549576
402540088 402549576
402541208 402549576
402543456 402552968
402544584 402552968
402545712 402552968
407378736 407393910
407383240 407398406
407379864 407420520
407380992 407420520
407382112 407420520
409772384 409782526
409776888 409787254
409773512 409809136
409774624 409809136
409775744 409809136
414638024 414647568
414651552 414652768
414652704 414652768
414656472 414657824
414657608 414657824
421942888 421944558
421944016 421957232
421949992 421957232
421951112 421957232
421947416 421961478
421953360 421961728
421954480 421961728
421955584 421961728
421957848 421964478
421958976 421964478
421948520 421986788
423041480 423055446
423039232 423077552
423040368 423077552
423042600 423082056
423043728 423082056
424323608 424330742
424331504 424337278
424384296 424392696
424385424 424392696
424386544 424392696
424388792 424397216
424389904 424397216
424391032 424397216
424393280 424400624
424394408 424400624
424395536 424400624
424397040 424405464
424398280 424405464
424399424 424405464
424401680 424409952
424402816 424409952
424403952 424409952
424406192 424414440
424407328 424414440
424408448 424414440
424410712 424418944
424411824 424418944
424413408 424418944
424415664 424423464
424416784 424423464
424417912 424423464
429226656 429246358
429224408 429268440
429225536 429268440
429227784 429272968
429228912 429272968
431614320 431627014
431608312 431648328
431615576 431653624
431616816 431653624
431617936 431653624
434071568 434086694
434069312 434108784
434070432 434108784
434072688 434113304
434073816 434113304
435792752 435832742
443754656 443771806
443765912 443776310
443795640 443796870
443753528 443798416
443767032 443798416
443796784 443822830
446205904 446216182
446210400 446220678
446214944 446224062
446204384 446238296
446207032 446242792
446208152 446242792
446209272 446242792
446211528 446247288
446212664 446247288
446213792 446247288
448579672 448599526
448584760 448603278
448581208 448626136
448582360 448626136
448583504 448626136
453495568 453505118
453500064 453509614
453505000 453514118
453509488 453518622
453496696 453531728
453497816 453531728
453498944 453531728
453501600 453536224
453502728 453536224
453503864 453536224
453506120 453540728
453507240 453540728
453508360 453540728
453510616 453545232
455888816 455902270
455885296 455923640
455886416 455923640
455887536 455923640
455890056 455928880
458360360 458367688
458361496 458367688
458363752 458372424
458365112 458372424
458366352 458372424
458368608 458376952
458369728 458376952
458370848 458376952
458373112 458381432
458374240 458381432
458375352 458381432
459780352 459798352
460796104 460815766
460792712 460837888
460793832 460837888
460794976 460837888
460797632 460842376
468015952 468029446
468013592 468051384
468014824 468051384
468017072 468056056
468018224 468056056
470480320 470496590
470478064 470518712
470479192 470518712
470481440 470523200
472895472 472908024
472901112 472913008
472902232 472913008
472903360 472913008
472889480 472935102
475768512 475784142
476054336 476098376
477782120 477796150
477786624 477800654
477779864 477818272
477781000 477818272
477783256 477822760
477784376 477822760
477785504 477822760
477787752 477827264
477789232 477827264
477790464 477827264
480166648 480174678
480171168 480180238
480175656 480185166
480164384 480197680
480165528 480197680
480167784 480201288
480168912 480201288
480170040 480201288
480172288 480206848
480173400 480206848
480174528 480206848
480176784 480211776
480177912 480211776
480179032 480211776
482621512 482630622
482624920 482635118
482629440 482639638
482617704 482652736
482618864 482652736
482619984 482652736
482622640 482657232
482623776 482657232
482626040 482661728
482627168 482661728
482628280 482661728
482630568 482666248
482631696 482666248
487459160 487474006
487455784 487495856
487456912 487495856
487458040 487495856
487460272 487500616
489914368 489928430
489911000 489950528
489912120 489950528
489913248 489950528
489915504 489955040
492291296 492309694
492286976 492330944
492288464 492330944
492290168 492330944
492292408 492336304
494739896 494756190
494744408 494760678
494741016 494782800
494742144 494782800
494743280 494782800
499764272 499804342
499775632 499804342
502040904 502060760
502042024 502060760
502044264 502064360
502045856 502064360
502046976 502064360
502049216 502069192
502050352 502069192
502051472 502069192
503087312 503102128
503094080 503106632
503095192 503106632
503096320 503106632
503098552 503111120
503099672 503111120
503100800 503111120
503103040 503115624
503104160 503115624
503105296 503115624
503107536 503118804
504482112 504491046
504486608 504495566
504490000 504500038
504483232 504517656
504484376 504517656
504485496 504517656
504487760 504522176
504488880 504522176
506863712 506882752
506865080 506882752
506866200 506882752
506867336 506887992
506868488 506887992
506869616 506887992
506871880 506893168
506873000 506893168
506874120 506893168
506876368 506898472
506877840 506898472
506878960 506898472
506881216 506903688
506882336 506903688
506883464 506903688
509342872 509352336
509349672 509356856
509350792 509356856
509351920 509356856
509354176 509361752
509355312 509361752
509356440 509361752
515773792 515813782
515785152 515813782
523777392 523817382
523788752 523817382
531783472 531788142
531772192 531800902
539855712 539893792
539868832 539893792
539880832 539893792
547771312 547776142
547760112 547799532
547782512 547801452
579779312 579822052
595760832 595800902
595772032 595800902
635783232 635790542
635771952 635800582
643774992 643781742
643763632 643803782
650078576 650090576
650079696 650090576
650080824 650090576
650083072 650095064
650084192 650095064
650085320 650095064
650087784 650099568
650088912 650099568
650090032 650099568
650092280 650104536
650093400 650104536
650094512 650104536
650096768 650109504
650097912 650109504
650099032 650109504
650101272 650114728
650102392 650114728
650103504 650114728
650105744 650119848
650106872 650119848
650107992 650119848
650110672 650124832
650111784 650124832
650112912 650124832
651766112 651784142
651777312 651809452
655918072 655937750
655914696 655960752
655915824 655960752
655916944 655960752
655919560 655964360
659755712 659771342
659766912 659797952
659778112 659797952
659789392 659797952
659809736 659811014
659807472 659832168
659808608 659832168
659810864 659836974
659811984 659836974
662249176 662259470
662243560 662281576
662246920 662281576
662248056 662281576
662250304 662286080
664632800 664639918
664638384 664644902
664643928 664650470
664627472 664663152
664634384 664666528
664635752 664666528
664637128 664666528
664639984 664671512
664641688 664671512
664642808 664671512
669549560 669560246
669548432 669581848
669550688 669586856
669551808 669586856
669552936 669586856
671943656 671955368
671945032 671955368
671946160 671955368
674370456 674394336
674373832 674394336
674374960 674394336
674377200 674399552
674378312 674399552
674379448 674399552
674381688 674405032
674382808 674405032
674383936 674405032
674386192 674409536
674387304 674409536
674388424 674409536
674390688 674414024
674391800 674414024
674392928 674414024
674395184 674417684
676821456 676839040
676822576 676839040
676824848 676843792
676825968 676843792
676828224 676848272
676829696 676848272
676830832 676848272
676833072 676853176
676834200 676853176
676835320 676853176
676837568 676857664
676838696 676857664
676839816 676857664
676842096 676862152
676843216 676862152
676844336 676862152
676846584 676865332
679269192 679288878
679266944 679310512
679268056 679310512
679270312 679315488
679271440 679315488
681654536 681664958
681659040 681669710
681653416 681687072
681655656 681691568
681656792 681691568
681657912 681691568
681660176 681696320
681661704 681696320
681662848 681696320
683778672 683789742
683767472 683796182
684106048 684117358
684110536 684122350
684102664 684139440
684107168 684143968
684108288 684143968
684109408 684143968
684111672 684148960
684112784 684148960
684113904 684148960
686546528 686561734
686551016 686566222
686545408 686583864
686547656 686588344
686548776 686588344
686549904 686588344
686552136 686592832
686553256 686592832
686554384 686592832
688920872 688929398
688925776 688934854
688930488 688940462
688934960 688945054
688921992 688956008
688923120 688956008
688924240 688956008
688926896 688961464
688928256 688961464
688929376 688961464
688931600 688967072
688932720 688967072
688933848 688967072
693824416 693843702
693828936 693848598
693825544 693870312
693826664 693870312
693827808 693870312
694865472 694880686
694869992 694885166
694874496 694889662
694866600 694907296
694867736 694907296
694868864 694907296
694871112 694911776
694872240 694911776
694873376 694911776
697604688 697623518
697603192 697645392
697605832 697650128
697606976 697650128
697608128 697650128
699765632 699787342
699776992 699812652
701107200 701120134
701103840 701143376
701108320 701146744
701109432 701146744
701110552 701146744
703482576 703495878
703480216 703517840
703481448 703517840
703483696 703522488
703485064 703522488
705935240 705945910
705932992 705967432
705934112 705967432
705936376 705972520
708384640 708394998
708382376 708417112
708383512 708417112
708385752 708421608
708386872 708421608
710748688 710767222
710747520 710788848
710750080 710793832
710751328 710793832
710752456 710793832
713200664 713216958
713199544 713238296
713202032 713243568
713203136 713243568
713204256 713243568
718112024 718122254
718110904 718144368
718113152 718148864
718114272 718148864
718115392 718148864
719190712 719201558
719189584 719223456
719192000 719228168
719193224 719228168
719194352 719228168
722942064 722956710
722939288 722978848
722940416 722978848
723777152 723787342
723765952 723794822
725393176 725403854
725397672 725407246
725402184 725411734
725394296 725430464
725395408 725430464
725396536 725430464
725398808 725433856
725399936 725433856
725401048 725433856
727782200 727806048
727783344 727806048
727784472 727806048
727786720 727809960
727787840 727809960
727788960 727809960
732612720 732628416
732614968 732632920
732616096 732632920
732617216 732632920
732619456 732637384
732620568 732637384
732621688 732637384
732623944 732642360
732625064 732642360
732626176 732642360
732628448 732647952
732629584 732647952
732630720 732647952
732632968 732652656
732634096 732652656
732635216 732652656
732637840 732658128
732638968 732658128
732640080 732658128
735078944 735096592
735080080 735096592
735081200 735096592
735083440 735101056
735084568 735101056
735085688 735101056
735087944 735105560
735089080 735105560
735090208 735105560
735091344 735110056
735092464 735110056
735093576 735110056
735095824 735113918
735096944 735113918
737516144 737521878
737520640 737526846
737525120 737531334
737529584 737535814
737513896 737544000
737515016 737544000
737517272 737548488
737518400 737548488
737519520 737548488
737521760 737553456
737522888 737553456
737524008 737553456
737526240 737557944
737527352 737557944
737528464 737557944
737530696 737562424
737531824 737562424
740942248 740961902
740941128 740984008
740943384 740988512
740944512 740988512
747753952 747776142
747765072 747801452
752085192 752085494
752082712 752107600
752084064 752107600
756894536 756901150
756899056 756906358
756903544 756911590
756895664 756927760
756896792 756927760
756897920 756927760
756900176 756932968
756901288 756932968
756902416 756932968
756904680 756938200
759368008 759374766
759356208 759400726
763769312 763798832
763780592 763798832
771776672 771805386
772995616 773015190
772993376 773036912
772994496 773036912
772996728 773041800
772997968 773041800
786087776 786113696
787756512 787796992
787767632 787796992
787778912 787796994
819811712 819812142
819789312 819816432
819800592 819816432
834579192 834604152
834580312 834604152
834581432 834604152
834583672 834607656
834584808 834607656
834585952 834607656
834588216 834613192
834589720 834613192
834590840 834613192
834593096 834618440
834594224 834618440
834595336 834618440
834597576 834621668
835764672 835780142
835775872 835806218
835787072 835806218
837025032 837039176
837026160 837039176
837028400 837044832
837029520 837044832
837030640 837044832
837032912 837049344
837034048 837049344
837035168 837049344
837037424 837053808
837038544 837053808
837039688 837053808
837041936 837058592
837043064 837058592
837044200 837058592
837046432 837063088
837047544 837063088
837048664 837063088
837051408 837067600
837052712 837067600
837054208 837067600
837056448 837070976
837057576 837070976
837058696 837070976
839474952 839484526
839479456 839489014
839482848 839493510
839471568 839505472
839472696 839505472
839473832 839505472
839476080 839511136
839477208 839511136
839478328 839511136
839480576 839515624
839481696 839515624
839483968 839520120
839485616 839520120
840311520 840331086
840316120 840335678
840312672 840357696
840313832 840357696
840314976 840357696
843765232 843772942
843754112 843793772
844297256 844306198
844301752 844311062
844294984 844328336
844296136 844328336
844298376 844332808
844299504 844332808
844300624 844332808
844302880 844337672
844304008 844337672
846711904 846720118
846717400 846725518
846709432 846741544
846710552 846741544
846713024 846746728
846714152 846746728
846715752 846746728
846718744 846752128
846719872 846752128
849166064 849196224
849167192 849200984
849168328 849200984
849169456 849200984
851769392 851782542
851758032 851797532
851780592 851807852
853987184 853998758
853991800 854003750
853983856 854019496
853985360 854019496
853988432 854025368
853989552 854025368
853990680 854025368
853992928 854030360
853994064 854030360
853995184 854030360
855108352 855116510
855112824 855120998
855117320 855125510
855107240 855138648
855109480 855143120
855110592 855143120
855111696 855143120
855113944 855147608
855115072 855147608
855116200 855147608
856449272 856456206
856453760 856460710
856458232 856464086
856447040 856478072
856448152 856478072
856450400 856482816
856451520 856482816
856452640 856482816
856454880 856487320
856456000 856487320
856457112 856487320
856459344 856490696
856460480 856490696
858917536 858919862
858915288 858941976
858916408 858941976
858918664 858945822
858919808 858945822
863723224 863732302
863727728 863737230
863732248 863741742
863719832 863754424
863720960 863754424
863722096 863754424
863724344 863758912
863725464 863758912
863726592 863758912
863728856 863763840
863729984 863763840
863731120 863763840
863733368 863768352
863734496 863768352
866196880 866216566
866193504 866239784
866194624 866239784
866195752 866239784
866198008 866243176
867756992 867772142
867768112 867798102
867779232 867798102
870983480 870991782
870988024 870996422
870984616 871018392
870985728 871018392
870986888 871018392
873426640 873442694
873431128 873447438
873427760 873469304
873428872 873469304
873429992 873469304
875888168 875890566
875892680 875895406
875889304 875917176
875890424 875917176
875891544 875917176
878350856 878364168
878351984 878364168
878353104 878364168
880702552 880710382
880707080 880715846
880711576 880720694
880703696 880736992
880704840 880736992
880705960 880736992
880708200 880742456
880709320 880742456
880710456 880742456
887986712 887995872
887987832 887995872
887988960 887995872
887991224 888000368
887992344 888000368
887993456 888000368
887995728 888005392
887997192 888005392
887998328 888005392
888000568 888011232
888001688 888011232
888002824 888011232
888005064 888015896
888006184 888015896
888007312 888015896
888009568 888021672
888010688 888021672
888011832 888021672
892881408 892886358
892885912 892889862
892890368 892894350
892882544 892912968
892883664 892912968
892884792 892912968
892887024 892916472
892888144 892916472
892889264 892916472
895241904 895260478
895240640 895283208
895243048 895287088
895244296 895287088
895245416 895287088
897701048 897704726
897705552 897709950
897699920 897725896
897702176 897731336
897703296 897731336
897704432 897731336
897706672 897736560
897707792 897736560
900143960 900164952
900146200 900169432
900147328 900169432
900148472 900169432
900150704 900174176
900151816 900174176
900152936 900174176
900154072 900179024
900155192 900179024
900156304 900179024
904966128 904979406
904971120 904983510
904975640 904988702
904964520 905000744
904967736 905006016
904968872 905006016
904969992 905006016
904972256 905010120
904973384 905010120
904974512 905010120
910905984 910918232
910907128 910918232
910908264 910918232
910910560 910922720
910911680 910922720
910912800 910922720
910915024 910927216
910916136 910927216
910917264 910927216
910919520 910932032
910920640 910932032
910921768 910932032
910924024 910936520
910925136 910936520
910926264 910936520
910928504 910941016
910929632 910941016
910930752 910941016
910932992 910945528
910934120 910945528
910935248 910945528
910937504 910948888
910938640 910948888
910939760 910948888
910942040 910953416
910943160 910953416
912236496 912248902
912241512 912253894
912237744 912275512
912238864 912275512
912239984 912275512
917137600 917148254
917145472 917157278
917150368 917161782
917138728 917174864
917139856 917174864
917140976 917174864
917142096 917179384
917143216 917179384
917144336 917179384
917146600 917183888
917147720 917183888
917149144 917183888
919598376 919607934
919597248 919629624
919599504 919634544
919600624 919634544
919601752 919634544
921973304 921981638
921977800 921987070
921982704 921991582
921971040 922003176
921972168 922003176
921974424 922008248
921975552 922008248
921976672 922008248
921978928 922013680
921980048 922013680
921981576 922013680
921983832 922018192
921984952 922018192
921986072 922018192
924446416 924462840
924447536 924462840
924449808 924467110
924450920 924467110
926865984 926876976
926867136 926876976
926868256 926876976
926870504 926880592
926871632 926880592
926873888 926885800
926875024 926885800
926876152 926885800
926878808 926890536
926879928 926890536
926881048 926890536
926883312 926895016
926884440 926895016
926885560 926895016
926887808 926899864
926888928 926899864
926890048 926899864
926892304 926904392
926893424 926904392
926894552 926904392
926896792 926908912
926897904 926908912
926899024 926908912
926901272 926913408
926902392 926913408
926903528 926913408
934123064 934137134
935254424 935274512
935258952 935277880
935260080 935277880
935261520 935277880
935263776 935282696
935264888 935282696
935266016 935282696
936503344 936516918
936509248 936521414
936514600 936526270
936502208 936540152
936504488 936543528
936506072 936543528
936507776 936543528
936510776 936548024
936512040 936548024
936513440 936548024
946263456 946269048
946264584 946269048
946266832 946274544
946267944 946274544
946269424 946274544
946271680 946278072
946272824 946278072
946275072 946283512
946276200 946283512
946277328 946283512
946279576 946288936
946280704 946288936
946281840 946288936
946284088 946293672
946285224 946293672
946286344 946293672
946288600 946298176
946289720 946298176
946290856 946298176
946293104 946302944
946294240 946302944
946295368 946302944
946297616 946307472
946298744 946307472
946299888 946307472
946302608 946311326
946303736 946311326
947750592 947771342
947761792 947771342
947773152 947797302
947784432 947797302
951129376 951142368
951130496 951142368
951132776 951146214
951134408 951146214
953590024 953597488
953591144 953597488
953592288 953601318
953593408 953601318
955771872 955778542
955783152 955805152
955794512 955805152
956009696 956014048
958386048 958400966
958384680 958422128
958387176 958427576
958388304 958427576
958389424 958427576
965696592 965709144
965701080 965709144
965702200 965709144
965704440 965713984
965705568 965713984
965706680 965713984
965708928 965717164
968157992 968177126
968154072 968198976
968155200 968198976
968156464 968198976
968159112 968203736
972954184 972964470
972959136 972969086
972955312 972991080
972956448 972991080
972958000 972991080
975402624 975416702
975401504 975438296
975403752 975443312
975404880 975443312
975405992 975443312
977854312 977864390
977858824 977869118
977863328 977873622
977851696 977886512
977853184 977886512
977855440 977891000
977856576 977891000
977857696 977891000
977859952 977895728
977861080 977895728
977862208 977895728
977864440 977900232
977865576 977900232
979785232 979794752
980249192 980257382
980254080 980262118
980245808 980279496
980246936 980279496
980248064 980279496
980250312 980283992
980251440 980283992
980252592 980283992
980255208 980288728
980256328 980288728
985135680 985155366
985132296 985177504
985133424 985177504
985134544 985177504
985136792 985181326
994847648 994870872
994848768 994870872
994849888 994870872
994857784 994874076
995791872 995804142
995780592 995823492
995803072 995829452
997281216 997291398
997285712 997294774
997290200 997299270
997280096 997313536
997282336 997318008
997283456 997318008
997284584 997318008
997286832 997321384
997287960 997321384
997289080 997321384
999656640 999671814
999661120 999676342
999654392 999694600
999655520 999694600
999657760 999698424
999658880 999698424
999660000 999698424
999662248 999702952
999663360 999702952
1003790272 1003818272
1003801712 1003818272
1004558936 1004574110
1004563408 1004578646
1004556704 1004596200
1004557824 1004596200
1004560048 1004600720
1004561176 1004600720
1004562288 1004600720
1004564544 1004605256
1004565664 1004605256
1006953776 1006966360
1006956032 1006971800
1006957152 1006971800
1006958280 1006971800
1006960512 1006977032
1006961624 1006977032
1006962760 1006977032
1006965016 1006981512
1006966128 1006981512
1006967272 1006981512
1019766832 1019783342
1019777872 1019808652
1023958680 1023976144
1023964296 1023976144
1023965880 1023976144
1023968128 1023979588
1028760552 1028773102
1028766072 1028778198
1028770064 1028783486
1028759416 1028794752
1028761800 1028799712
1028763296 1028799712
1028764728 1028799712
1028767192 1028804808
1028768440 1028804808
1031232984 1031248704
1031234120 1031248704
1031236368 1031252998
1038549776 1038563806
1038554256 1038568342
1038559128 1038572830
1038548640 1038586800
1038550896 1038590416
1038552024 1038590416
1038553136 1038590416
1038555376 1038594952
1038556512 1038594952
1038558000 1038594952
1040921248 1040933136
1040922368 1040933136
1040923496 1040933136
1040926248 1040938144
1040927368 1040938144
1040928496 1040938144
1040930736 1040943736
1040931856 1040943736
1040932984 1040943736
1040935240 1040948720
1040936360 1040948720
1040937480 1040948720
1040939744 1040954176
1040940856 1040954176
1040941976 1040954176
1040944224 1040959656
1040945360 1040959656
1040946472 1040959656
1040948720 1040963040
1040949848 1040963040
1040950984 1040963040
1040953248 1040967544
1040954384 1040967544
1045746208 1045760878
1045750888 1045764774
1045744824 1045783000
1045747368 1045787488
1045748512 1045787488
1045749768 1045787488
1045752008 1045791384
1045753488 1045791384
1045754968 1045791384
1046865560 1046914582
1048203840 1048212366
1048202704 1048233904
1048204960 1048238976
1048206104 1048238976
1050655288 1050660064
1050659776 1050665264
1050660896 1050665264
1050662024 1050665264
1050664280 1050670720
1050665400 1050670720
1050666528 1050670720
1050668784 1050675672
1050669920 1050675672
1050671056 1050675672
1050673304 1050680688
1050674416 1050680688
1050675544 1050680688
1050677800 1050685192
1050678936 1050685192
1050681176 1050688824
1050682304 1050688824
1050683424 1050688824
1050686016 1050692678
1050687144 1050692678
1053039008 1053057734
1053034696 1053079416
1053036200 1053079416
1053037664 1053079416
1053040144 1053084344
1055498064 1055513238
1055494704 1055536024
1055495824 1055536024
1055496944 1055536024
1055499184 1055539848
1057937424 1057951478
1057941880 1057955974
1057946376 1057960454
1057938520 1057978088
1057939648 1057978088
1057940768 1057978088
1057943008 1057982584
1057944128 1057982584
1057945256 1057982584
1057947504 1057987064
1059760112 1059800832
1059771312 1059800854
1059782592 1059800946
1060391376 1060405062
1060395864 1060409918
1060392496 1060431672
1060393624 1060431672
1060394744 1060431672
1062768472 1062771822
1062772960 1062777086
1062777448 1062782302
1062782272 1062786830
1062767352 1062793360
1062769592 1062798432
1062770720 1062798432
1062771832 1062798432
1062774080 1062803696
1062775200 1062803696
1062776328 1062803696
1062778568 1062808912
1062779688 1062808912
1062781040 1062808912
1065205088 1065214704
1065207336 1065219976
1065208456 1065219976
1065209584 1065219976
1065211824 1065224832
1065213304 1065224832
1065214432 1065224832
1065216672 1065230032
1065217784 1065230032
1065218904 1065230032
1065221160 1065235392
1065222288 1065235392
1065223400 1065235392
1065225656 1065239888
1065226776 1065239888
1065227904 1065239888
1065230152 1065244616
1065231264 1065244616
1065232392 1065244616
1065234632 1065249120
1065235760 1065249120
1065236872 1065249120
1065239128 1065253624
1065240256 1065253624
1065241384 1065253624
1067760112 1067782542
1067771232 1067807852
1070096216 1070104952
1070097344 1070104952
1070098472 1070104952
1070100720 1070109440
1070101840 1070109440
1070102976 1070109440
1070105224 1070113936
1070106352 1070113936
1070107472 1070113936
1070110168 1070118416
1070111288 1070118416
1070112408 1070118416
1070114648 1070122960
1070115776 1070122960
1070116896 1070122960
1070119152 1070127456
1070120272 1070127456
1070121400 1070127456
1070123648 1070131296
1070124776 1070131296
1070127016 1070135776
1070128144 1070135776
1070129280 1070135776
1070131512 1070140280
1070132648 1070140280
1070133776 1070140280
1070136040 1070144126
1070137176 1070144126
1074932128 1074942846
1074931008 1074964968
1074933256 1074969456
1074934384 1074969456
1077299736 1077318462
1077295888 1077340544
1077297008 1077340544
1077298128 1077340544
1077301544 1077345072
1079755832 1079770422
1079753488 1079791504
1079754720 1079791504
1079756952 1079797032
1083760992 1083772942
1083749712 1083798252
1083772192 1083798252
1084640288 1084645080
1084641416 1084645080
1084643656 1084650064
1084644776 1084650064
1084645896 1084650064
1084648144 1084655048
1084649280 1084655048
1084650408 1084655048
1084652664 1084659984
1084653792 1084659984
1084654912 1084659984
1084657160 1084664720
1084658272 1084664720
1084659392 1084664720
1084661640 1084669224
1084662760 1084669224
1084663880 1084669224
1084666136 1084673752
1084667256 1084673752
1084668384 1084673752
1084671096 1084678232
1084672224 1084678232
1084673344 1084678232
1084675584 1084681608
1084676736 1084681608
1084678992 1084686112
1084680112 1084686112
1084681240 1084686112
1089489384 1089492576
1089490512 1089492576
1089491640 1089492576
1089493872 1089497216
1089494992 1089497216
1089496104 1089497216
1089498344 1089502656
1089499456 1089502656
1089500608 1089502656
1089503208 1089507222
1089504328 1089507222
1089469000 1089514616
1091772912 1091801782
1091910608 1091916264
1091911728 1091916264
1091912856 1091916264
1091915096 1091921816
1091916216 1091921816
1091917336 1091921816
1091919592 1091926920
1091920712 1091926920
1091921840 1091926920
1091924096 1091932008
1091925232 1091932008
1091926352 1091932008
1091927488 1091936080
1091928608 1091936080
1091929728 1091936080
1091931968 1091940584
1091933448 1091940584
1091934568 1091940584
1091936816 1091945328
1091937936 1091945328
1091939064 1091945328
1091941312 1091949832
1091942432 1091949832
1091943560 1091949832
1091945808 1091954664
1091946944 1091954664
1091948064 1091954664
1091950304 1091958494
1091951416 1091958494
1096755152 1096764478
1096758528 1096768958
1096756272 1096791088
1096757408 1096791088
1101594536 1101603326
1101590448 1101624120
1101595664 1101629936
1101597008 1101629936
1101598312 1101629936
1107750344 1107768942
1107761704 1107795552
1107772912 1107795552
1107784112 1107795552
1113776032 1113797974
1130780360 1130783174
1130776976 1130785422
1130778096 1130812032
1130779240 1130812032
1138036464 1138047504
1138044336 1138052952
1138045824 1138052952
1138046960 1138052952
1138049208 1138058400
1138050328 1138058400
1138051472 1138058400
1152642872 1152643296
1152646256 1152647776
1152647384 1152647776
1152650776 1152651144
1157482840 1157484344
1159909632 1159923000
1159923088 1159927464
1159924232 1159927464
1159925368 1159927464
1159927616 1159931960
1159928736 1159931960
1159929856 1159931960
1162339184 1162353822
1162338096 1162377056
1162340312 1162380432
1162341440 1162380432
1162342552 1162380432
1163770272 1163799712
1163781472 1163799712
1164729592 1164730134
1164734480 1164735550
1164716968 1164740936
1164718088 1164740936
1164719344 1164740936
1164721712 1164746560
1164722840 1164746560
1164723976 1164746560
1164726200 1164751216
1164727336 1164751216
1164728464 1164751216
1164730704 1164756744
1164731848 1164756744
1164733368 1164756744
1167162024 1167184168
1167163152 1167184168
1167164288 1167184168
1167166936 1167190088
1167168056 1167190088
1167169184 1167190088
1167171424 1167194568
1167172536 1167194568
1167173664 1167194568
1167175912 1167199072
1167177024 1167199072
1167178144 1167199072
1167180384 1167203792
1167181496 1167203792
1167182616 1167203792
1169622984 1169623582
1169605000 1169627360
1169607256 1169631888
1169608384 1169631888
1169609504 1169631888
1169611752 1169636384
1169612872 1169636384
1169613992 1169636384
1169616240 1169640880
1169617360 1169640880
1169618480 1169640880
1169620736 1169645368
1169621864 1169645368
1171748184 1171768142
1171759544 1171768142
1171770752 1171794102
1171782112 1171794102
1172048600 1172061848
1172049712 1172061848
1172050840 1172061848
1172053080 1172066352
1172054192 1172066352
1172055320 1172066352
1172057584 1172070880
1172058704 1172070880
1172059848 1172070880
1172062560 1172075384
1172063680 1172075384
1172064800 1172075384
1172067048 1172079888
1172068168 1172079888
1172069296 1172079888
1172071544 1172084784
1172072680 1172084784
1172073800 1172084784
1172076040 1172088168
1172077168 1172088168
1172078312 1172088168
1172080568 1172092664
1172081704 1172092664
1172083960 1172096518
1172085088 1172096518
1174428336 1174448030
1174427208 1174470064
1174430064 1174474640
1174431176 1174474640
1174432312 1174474640
1179751064 1179771334
1179762512 1179797944
1179773712 1179797944
1181772024 1181772504
1184180320 1184193230
1184184808 1184197742
1184181448 1184219840
1184182560 1184219840
1184183680 1184219840
1186595016 1186607510
1186599520 1186611998
1186593896 1186629632
1186596152 1186634120
1186597256 1186634120
1186598392 1186634120
1186600640 1186638608
1186601768 1186638608
1186602896 1186638608
1193941328 1193951136
1193943568 1193955648
1193944704 1193955648
1193945848 1193955648
1196302520 1196308334
1196307016 1196312078
1196299192 1196330432
1196300256 1196330432
1196301400 1196330432
1196303648 1196334944
1196304760 1196334944
1196305888 1196334944
1196308136 1196338688
1196309264 1196338688
1198866882 1198868860
1199183960 1199194218
1199557894 1199582688
1199738352 1199751554
1199909610 1199933438
1200178480 1200183448
1200253690 1200262752
