70231 106700
240453 286136
240516 286182
1446903 1457466
1437903 1458202
1466252 1480124
1466298 1506734
1559007 1564532
9209502 9239386
19818369 19838324
25506333 25518944
28921275 28961772
28932030 28964440
29186379 29189792
29175372 29215102
29197386 29218644
29291985 29301786
29886948 29890343
29896425 29916953
29908161 29919805
29961981 29974899
29972214 29977521
31268385 31275850
31332645 31341680
32188626 32209055
32198670 32211677
32995746 33017705
33028623 33038892
33094098 33112817
33104520 33113691
33126615 33167925
33189219 33198079
33974784 33994454
33985593 33997490
34017282 34024410
34080723 34111430
34123977 34143225
34135173 34143501
34166862 34172169
34156737 34197813
34230123 34249307
34241130 34260515
34401348 34431551
34412346 34440889
34599213 34613660
34718850 34733504
34751052 34755545
34794684 34797530
34956900 34961222
34993557 35013826
35006202 35016579
35161713 35174684
35212851 35225853
35394179 35404613
35403408 35417339
35512641 35517635
35576724 35589502
35892657 35908037
35904069 35920106
35916003 35920428
35927880 35973498
35968794 36004821
35978696 36006293
36342999 36381582
36385216 36407942
36394857 36407942
36476217 36505475
36487431 36517328
36972872 37008872
37065528 37070634
37544715 37560048
38018484 38032349
38027826 38032717
38841579 38844443
41082470 41094728
41151249 41158510
41212332 41228496
41222547 41229796
41506263 41524537
41517261 41524537
41601627 41604353
41841198 41854070
42081858 42082887
42166584 42172183
42464205 42466139
42678423 42679573
42736032 42740522
42869151 42870437
43247430 43263094
43312464 43331206
43324218 43333690
43396956 43412521
43521831 43526762
43582455 43589621
43946442 43946497
44035155 44035397
44169615 44184010
44181171 44185310
44258067 44260046
44330103 44334358
44466741 44482998
44638065 44638190
44858205 44858766
45309942 45314381
45334413 45374397
45346419 45376370
45399477 45422315
45446328 45464231
45510708 45510754
45707211 45723025
45718983 45724313
45783176 45784970
45844470 45847937
45916218 45920119
46065276 46068470
46148328 46152836
46224729 46226408
46524928 46539869
46536831 46541157
46662471 46668049
46734813 46738932
46799757 46810349
46846647 46860297
46933146 46946717
46946088 46947687
47236662 47237750
47223765 47237796
47296539 47300313
47356066 47383044
47371750 47385587
47601108 47601716
47805885 47807018
47877534 47881571
48036762 48039838
48095307 48111877
50230548 50243452
50462640 50464262
50474232 50490903
62685425 62691772
68226759 68236910
79061652 79101646
79180290 79185343
87387453 87401420
87399153 87401420
103492647 103495426
133530471 133547774
141879546 141882943
193487202 193500245
204824574 204827127
210116448 210132314
243571977 243599737
248439617 248450231
248464813 248507880
259348482 259377191
267647609 267686074
267759114 267795143
267809977 267834103
267849789 267858596
267955713 267968351
268337151 268376066
268407036 268409828
268530309 268570321
268577055 268591187
268587675 268617797
283707566 283731416
286671474 286711305
313805016 313844138
313903413 313931114
316475100 316477073
316551301 316590288
319419468 319447862
349446717 349486352
352046709 352075610
352118358 352158263
352170387 352172699
352161618 352198659
357837624 357849704
371299581 371336863
371315150 371339527
373895568 373934366
382456914 382484024
433912068 433925590
447528438 447529511
447516621 447556121
456119577 456134929
458545627 458585099
488798820 488800703
494031627 494058716
499760050 499783234
499818465 499822182
505046187 505072862
510394653 510421742
510473071 510482843
510481899 510485649
516037068 516037643
521606025 521635699
524334205 524346535
524343393 524346857
529398333 529424457
529458804 529487837
546125148 546129890
548689554 548716499
548876835 548904370
551559996 551563408
573628455 573642497
573665553 573666266
573716079 573730280
573768243 573769988
633138206 633174677
706943529 706990929
707146515 707174169
709776232 709785045
737341893 737343281
794333826 794372993
796965480 797006474
797138541 797170134
819047608 819070803
819070362 819084641
830195973 830199471
851697339 851709715
851746251 851764165
873545373 873572204
892666998 892707092
914537403 914537774
920149074 920150009
920135484 920150101
925427664 925446845
974537316 974554613
982906074 982918712
1073166714 1073191873
1075716167 1075754545
1133113185 1133152378
1154872602 1154884625
1154884338 1154886110
1162783359 1162810797
1168471755 1168487629
1176759621 1176760115
1176843591 1176857183
1192854411 1192867454
1198471419 1198496816
1206703746 1206717981
1206714906 1206717981
1293938640 1293965899
1294000857 1294014152
1334929779 1334967394
