70227 105954
240453 286136
240516 286136
19926279 19944758
29175372 29215102
29217699 29222696
29291985 29313758
29302731 29331814
29505654 29513078
29539890 29566470
29843415 29851442
29972214 29993906
31214457 31221899
31268385 31275850
31332645 31341680
31429611 31438381
32995746 33015042
33006825 33018216
33060897 33071194
33073954 33080543
33189219 33198079
33242328 33246344
33974784 33978431
33985593 33991464
33996754 34017424
34017282 34020822
34080723 34111430
34708194 34727098
34751052 34756318
34794684 34797530
34993557 35009187
35006202 35012269
35161713 35174684
35512641 35517635
35589640 35599425
35668827 35675459
35680833 35696490
35736426 35742865
35880849 35881427
35892657 35919456
35968794 36007420
36173682 36190733
36382104 36407942
36416196 36445477
36677061 36682442
36700173 36705273
36972734 37007572
37544715 37557380
38018484 38032349
38027826 38032717
38841579 38844443
41082403 41094590
41151249 41157958
41212332 41227915
41222547 41229215
41235556 41241077
41506263 41525300
41517261 41532297
41601627 41604353
41841244 41853978
42081858 42082665
42178842 42192807
42243343 42253523
42538536 42541775
42805494 42812459
42869151 42871417
43134687 43138139
43147233 43161308
43247430 43262956
43324218 43340444
43396956 43412521
43521831 43526762
43582455 43589621
43596311 43598473
43609697 43611905
43946442 43946451
44169615 44184010
44181171 44184660
44194477 44196333
44258067 44259149
44270874 44272214
44330103 44334358
44353815 44357012
44466741 44482676
44721855 44737154
45018109 45027940
45250974 45251410
45309942 45314381
45334413 45373605
45446328 45473541
45521046 45534410
45707211 45723025
45718983 45735038
45783268 45794715
45844470 45845711
45916218 45920119
46065276 46068470
46148328 46152836
46160998 46164552
46224729 46225810
46524790 46539823
46607487 46614479
46662471 46667037
46734813 46738886
46746054 46751192
46846647 46860297
46933146 46946717
47236662 47252096
47356066 47383044
47371796 47385495
47601108 47601440
47877534 47881571
48036762 48039838
48095307 48111877
49253976 49267667
50230548 50243231
50462640 50464262
50474232 50490222
51097365 51136431
51318081 51332675
51459192 51487881
51810183 51826561
51974577 52014621
62685425 62691082
68226759 68236910
79064062 79101508
79086969 79124802
79180290 79185343
87387453 87400770
103492647 103495426
103503681 103508949
130882122 130890622
133532843 133546710
141879546 141882943
204824574 204827127
218332224 218334152
243571977 243599737
248439479 248450231
248464261 248507711
259348482 259377191
259485300 259498613
267647379 267685936
267883839 267896981
267955713 267968351
268337151 268375416
268434819 268447879
268577055 268591187
349408917 349447184
352118358 352158263
352161066 352198283
352218069 352220591
371299581 371336863
382248612 382262411
382456914 382483374
387778788 387784285
398674757 398675585
398685780 398702195
407038896 407040196
412187265 412228663
433912068 433925590
456119577 456150250
458568954 458608164
488870100 488875838
496711503 496713143
496736438 496749404
499759539 499783137
499830264 499831535
505046187 505072862
524331801 524359419
524343393 524369407
526893066 526895450
529458804 529487837
535233924 535260523
535371561 535414134
545958400 545968397
548689554 548728089
548781922 548817187
551559996 551563408
551634408 551636873
562650605 562673020
562685648 562697165
562796235 562809809
573514164 573528926
573665553 573666266
589403979 589411469
589764814 589786960
595337605 595346998
595383516 595398781
614529171 614546468
633138160 633174027
690683902 690695734
737030421 737056817
769978638 769993058
783699507 783712709
796965480 797006474
819216262 819239606
851697339 851709669
868312547 868327595
868406139 868421848
873545373 873586035
920260566 920275376
955469205 955470170
1048608369 1048612279
1105610436 1105612697
1105599636 1105615844
1168580889 1168611727
1176843591 1176857183
1294000857 1294014152
1334929779 1334968044
