1812643 1823267
2440704 2485457
3261034 3280348
3402218 3448593
3404814 3450065
4314002 4361275
4317922 4362563
4769562 4782391
5336735 5391347
5607490 5632693
5610528 5634349
5602461 5642445
5602507 5646309
5602507 5646585
5695345 5725899
5695345 5748163
5695529 5750187
5695529 5751935
5695345 5763527
5695345 5767667
5776775 5805121
5777401 5809905
5776775 5828959
5776591 5831443
5776591 5834295
5776775 5855771
11032351 11051267
11032397 11092407
11032397 11094063
11787636 11806508
13750282 13767200
13753453 13799517
13756477 13801127
13759711 13802783
18099375 18117407
18101261 18144271
18504083 18527727
18509235 18554315
18519769 18555879
18819137 18846507
18820793 18867483
18825577 18870703
18962979 18964819
19490599 19496855
19492347 19498465
20092233 20102583
22785257 22817687
22790271 22820631
28839961 28845481
28841985 28847091
31358921 31376217
42178673 42226697
113929197 113938857
113931221 113940605
114017333 114050591
114032283 114052385
114040793 114058043
114042725 114062965
114114025 114127871
114121385 114129573
114124835 114132839
114126813 114134357
114356537 114383033
114360079 114386253
114363621 114387817
114365461 114393751
114374155 114399455
114543941 114554153
114547437 114555717
114549323 114557235
114552957 114558845
114636401 114639345
114794641 114801817
114797125 114803565
114799379 114805175
114863871 114891011
114866125 114892621
114870955 114898187
114878315 114904167
114878959 114904305
114884295 114908675
114947315 114975973
114949385 114980343
114954261 114983103
114956423 114988117
114965439 114992533
114965761 114993913
115871639 115876929
115874629 115884243
115889165 115904529
115893903 115909405
115899285 115911107
116042805 116044875
116043127 116077121
116058031 116077581
116066633 116083699
116068565 116085309
116129745 116159277
116131815 116162589
116133747 116164245
116137565 116170317
116141061 116173399
116144327 116176205
116152009 116177999
116209371 116240283
116213235 116244699
116218111 116251875
116220181 116255325
116231865 116256981
116296633 116320461
116309191 116322163
116313239 116326625
116315677 116328143
116381549 116410529
116391991 116415497
116395487 116417061
116400639 116422719
116402755 116428883
116461083 116464901
116463015 116492501
116477321 116495399
116480541 116498987
116485647 116504599
116487717 116506347
116633077 116635883
116644393 116662701
116649913 116669831
116655203 116673097
116657457 116674615
117141561 117143631
117146759 117171185
117159685 117174083
117484905 117508227
117974805 117987455
117980049 117993435
118212993 118214695
118232773 118241605
118234889 118246527
118238293 118249333
118300025 118329603
118305269 118334203
118310375 118335859
118317367 118340735
118322197 118342391
118325325 118346853
118383423 118410241
118385447 118411897
118394647 118415071
118388989 118415163
118401961 118421373
118403985 118423029
118560523 118578831
118571609 118580579
118574093 118583661
118693279 118710345
118695349 118713841
118697419 118715405
118702387 118722719
118704595 118724467
119137133 119146609
119139341 119148265
119143067 119151025
119145321 119152589
119205029 119234929
119210227 119236539
119213723 119241277
119215701 119242887
119227477 119247855
119229547 119252225
119375689 119377575
119389397 119408993
119391651 119410649
119396803 119415479
119398781 119417089
119463549 119493357
119465711 119494829
119473577 119500901
119475877 119504305
119480799 119505869
119627079 119656979
119629425 119658681
119633243 119664753
119636877 119666409
119646905 119669675
119709051 119712915
119710937 119743781
119719217 119746541
119723081 119752475
119732971 119755741
119734995 119757443
119736973 119759053
119877733 119881045
119886289 119905195
119891717 119906805
119897237 119908461
119900641 119914349
119902849 119916051
119963063 119966099
119980957 119991445
119984775 119993101
119988179 119999173
120219559 120247711
120221583 120251069
120225539 120252679
120231565 120258935
120238971 120260683
120302451 120305211
120308201 120337227
120312157 120338791
120315929 120344909
120326279 120348221
120385895 120416669
120387781 120418233
120394773 120428813
120396889 120432171
120408343 120433689
120556095 120581165
120560327 120582683
120562673 120587421
120567733 120588985
120576887 120593493
120643403 120669301
120650303 120674223
120655271 120675741
120660331 120680249
120662447 120681997
120901969 120925245
120907029 120926901
120914067 120929661
120981733 120984171
120994107 121016417
120995993 121022351
121005377 121025525
121062601 121067845
121064625 121094709
121075389 121102023
121079207 121106761
121089235 121110119
121146873 121151013
121162743 121177003
121166561 121178751
121168493 121184731
121170425 121187997
121240023 121261275
121242047 121266197
121250097 121270659
121252489 121272361
121319005 121345041
121327929 121350101
121337221 121352907
121335519 121353091
121337497 121356311
121487641 121513769
121489665 121515425
121826339 121829835
121842715 121855871
121846533 121857573
121848511 121862081
121850581 121863691
122085089 122110435
122087205 122112045
122090977 122116921
122099717 122118485
122247055 122278473
122251149 122282291
122253219 122287305
122261177 122290019
122263293 122293239
122264995 122294803
122272217 122296413
122509899 122529909
122515005 122535475
122522917 122537177
122525217 122538879
123022845 123038945
123025053 123043775
123094973 123096905
123104173 123130071
123106473 123131865
123110153 123136281
123115305 123140697
123432889 123436799
123449219 123466469
123453957 123468079
123459845 123469781
123517253 123519875
123524429 123546647
123526545 123548211
123532755 123556353
123541311 123558147
123681657 123711005
123685475 123712661
123687637 123717445
123691777 123719147
123703461 123723609
123775497 123797163
123778993 123804523
123779315 123806133
123781109 123806547
123784789 123810963
123788331 123815471
123858113 123883505
123863219 123889071
123867359 123893947
123875041 123895557
124019849 124054625
124024771 124057385
124029785 124063549
124033327 124066723
124038387 124069575
124042297 124071185
124194051 124197225
124204723 124224089
124207851 124231403
124215763 124233105
124218017 124234991
124762151 124785933
124766107 124787451
124768269 124789061
124772455 124793983
124777929 124799503
124844077 124870941
124846285 124875219
124851437 124877979
124855485 124884189
124858199 124885845
124865697 124886029
125011333 125039807
125018877 125043073
125022787 125044775
125026099 125051997
125029871 125056413
125093029 125097261
125109635 125126977
125113545 125128449
125116949 125134015
125119295 125135763
125262815 125265391
125270313 125292255
125272705 125293727
125277995 125302651
125283193 125304399
125285447 125308677
125352101 125379701
125360473 125380161
125371283 125387291
125373353 125390465
125493137 125504775
125510939 125526671
125489871 125532559
125495161 125538677
125497231 125540287
125513331 125543185
125519081 125544841
125521289 125546405
125574005 125576811
125653631 125657311
125660117 125685555
125670145 125688867
125679943 125693559
126181159 126207563
126193119 126212025
126294365 126309361
126299471 126312121
126301863 126313777
126624553 126626531
126630073 126654131
126641895 126655833
126649347 126660295
126710159 126739829
126712505 126744245
126717381 126750271
126725431 126754825
126729525 126756481
126731871 126757999
126801929 126820927
126809335 126822491
126813153 126824147
126816695 126830265
126817109 126834129
127050329 127085473
127060265 127088831
127071857 127094443
127074111 127096099
127382081 127386359
127383967 127412947
127402597 127414649
127404529 127420721
127406231 127423941
127408255 127425459
127806109 127808639
127816045 127837435
127818299 127839091
127823497 127842311
127832881 127848429
127996549 128009337
128004783 128010993
128005335 128015501
128150281 128176225
128159941 128181055
128162287 128182711
128167531 128188185
128169739 128194165
128403557 128429363
128405581 128430927
128409215 128434193
128411147 128435803
128422509 128440863
128660559 128680109
128673577 128681765
128759551 128773305
128767279 128774869
128769441 128779653
128836969 128838809
128852057 128865857
128855921 128871699
128859325 128877219
128931775 128935409
128940101 128959835
128948381 128961491
128953349 128967379
128955235 128969081
129186155 129218723
129187949 129223093
129191767 129224657
129194803 129231971
129208603 129233765
129447711 129466939
129457325 129469837
129691603 129695605
129702459 129721917
129712717 129723665
129719755 129729829
129774311 129778727
129782039 129809087
129783971 129812307
129787651 129813917
129797541 129819437
129800761 129822289
130205837 130222995
130211173 130225755
130215543 130232011
130450557 130454237
130458515 130484505
130462517 130487817
130466105 130489427
130474569 130492923
130478019 130497615
131117925 131147365
131119627 131150631
131127079 131150999
131130345 131152517
131133611 131162683
131137337 131164431
131199023 131201875
131206659 131231085
131214525 131234443
131216595 131236053
131223311 131243321
131221471 131243413
131223633 131246633
131294151 131319957
131296405 131321567
131300315 131326213
131308963 131327823
131388727 131400227
131390613 131401837
131393971 131410439
131476173 131497425
131480083 131500599
131482245 131502301
131824715 131836767
131826831 131840079
131831753 131842885
131975733 132001355
131979643 132002965
131982173 132006231
131988429 132012349
132580035 132595215
132582427 132598619
132587395 132600183
132590385 132601793
132651933 132678705
132654187 132680269
132657821 132683443
132664123 132689561
132672955 132691309
132735423 132764817
132737447 132768083
132739425 132769647
132744393 132775811
132754421 132779169
132756307 132780733
132900839 132904565
132902817 132931613
132911051 132938881
132913259 132943711
132924943 132945321
133075501 133094637
133084287 133095005
133086219 133096661
133090957 133099467
133405045 133407713
133418477 133439913
133423077 133444421
133425101 133449343
133428781 133450861
133680769 133682609
133697605 133709427
133767801 133791491
133770331 133791767
133774103 133793285
133779071 133794895
133787581 133799357
133935931 133967027
133943981 133968775
133947477 133970385
133957367 133976411
134101301 134103785
134106913 134131661
134118735 134133363
134126095 134139435
134348367 134353059
134350115 134379601
134362351 134382453
134365709 134385857
134373667 134387421
134375415 134392297
134606979 134633199
134615581 134638167
134623999 134639777
134626023 134641387
135111691 135138049
135113945 135139705
135117625 135142925
135124065 135148905
135129217 135150561
135131425 135153873
135194583 135226599
135202357 135228301
135208245 135232855
135212017 135234511
135213903 135239387
135534845 135558903
135543999 135560467
135546207 135562077
135551359 135566585
135553475 135572887
136338925 136369883
136351437 136376415
136360637 136379267
136362937 136384097
136433317 136454339
136435571 136457697
136439297 136459215
136448083 136460779
136598043 136621549
136613959 136623113
136609359 136623251
136616995 136627667
136675599 136678175
136681165 136704533
136690319 136706189
136692251 136710973
136697357 136716631
136699427 136718425
136701313 136724313
136759503 136790323
136773395 136794693
136775603 136799109
136780801 136801869
136783101 136806791
136937155 136959281
136945527 136960891
137011675 137016183
137019449 137045025
137029707 137046773
137038539 137051189
137351799 137354651
137357411 137381147
137366289 137382849
137368543 137387679
137373511 137393291
137375627 137395039
137433403 137437497
137435427 137464913
137450837 137469605
137454471 137471169
137457921 137476827
137460129 137478621
137522137 137525495
137537225 137551393
137540859 137557557
137542837 137559213
137544769 137562387
137606961 137609307
137621083 137635941
137626327 137643531
137628719 137645187
137630973 137646889
137773849 137807337
137777437 137809131
137779415 137810833
137781623 137816951
137790501 137820079
137795791 137822885
137798045 137824495
137947821 137971005
137961575 137972661
137964151 137977169
138280999 138284679
138291947 138311681
138298617 138318857
138300963 138320927
138303125 138322537
138451797 138476269
138458145 138478017
138461319 138478339
138468679 138481559
138531975 138563025
138545729 138567579
138547983 138569281
138550283 138575215
138554101 138579585
138555711 138579677
138557919 138581425
138706223 138724439
138713997 138726141
138718045 138731017
138835713 138862393
138838841 138866855
138989905 139000715
138991791 139002417
138993953 139007063
138995885 139008535
139056191 139059411
139071417 139085263
139073671 139086965
139078547 139092899
139080985 139096303
139166729 139168431
139665139 139668911
139667071 139696097
139678663 139697753
139682389 139699455
139748215 139752677
139755529 139781519
139766431 139783175
139774435 139787729
139776505 139791271
139832441 139836167
139834465 139865009
139849369 139866665
139851255 139869885
139855947 139877337
139857971 139882167
140341615 140344375
140347273 140373493
140359003 140375103
140367329 140380209
140594247 140621571
140600411 140626125
140608231 140627873
140604137 140627965
140611773 140634083
140616511 140635785
140762607 140783675
140774429 140785331
141527541 141560247
141522343 141563605
141525471 141566457
141529611 141571287
141543503 141574139
141545527 141575841
141936573 141962655
141947245 141967439
141956169 141971901
142529145 142547637
142532641 142550397
142536735 142556607
142605459 142635359
142607529 142638579
142609829 142640235
142613417 142646353
142623675 142651965
142625561 142653529
142628781 142656289
142686787 142688765
142696447 142720689
142700311 142722437
142702427 142728509
142711351 142732833
142713237 142734443
142770415 142774831
142778235 142805053
142780259 142807215
142785411 142811999
142793829 142813701
142797095 142818255
143031465 143050923
143033857 143052487
143037905 143054189
143047933 143058881
143111505 143138231
143120107 143145499
143131193 143149915
143131791 143149961
143284005 143302819
143286213 143304291
143291319 143305947
143359123 143390817
143370853 143395371
143374487 143401627
143383227 143406089
143543859 143572931
143546297 143578865
143670359 143697453
143672199 143699063
143675879 143702329
143682043 143708447
143690967 143710195
143836005 143838351
143844285 143866871
143852289 143868665
143856981 143871885
143858959 143873495
143862087 143879613
144266565 144285379
144275121 144288185
144280825 144294303
144282895 144297431
144598639 144600387
144604251 144628125
144615843 144629827
144623203 144634381
144769023 144798095
144771001 144801361
144773071 144802971
144776797 144808997
144787239 144814793
145104363 145138265
145113425 145139967
145119497 145144751
145123361 145149811
145125339 145151467
145130951 145153169
145182195 145186473
145189969 145215177
145199031 145216879
145201009 145220099
145203079 145221755
145207955 145229023
145442555 145464727
145451479 145466383
145453549 145468039
145458609 145473835
145460541 145478343
145519881 145551483
145531519 145555945
145535153 145560361
145540121 145566479
145542467 145568089
145691921 145722833
145701029 145726145
145712207 145731067
145714277 145732769
145717405 145738381
145768925 145772237
145777021 145800941
145787739 145802689
145796433 145806967
145857383 145889813
145862167 145891515
145864651 145891837
145868423 145897863
145870309 145900991
145875599 145903843
146106795 146131589
146116317 146133199
146118525 146136419
146124045 146139179
146126805 146145297
146192079 146195207
146381093 146383025
146393467 146413753
146395721 146415501
146398021 146417203
146406853 146421987
146735615 146747943
146744263 146749553
146799831 146803879
146808157 146827983
146816667 146830881
146820393 146836861
146822509 146838425
146824579 146841645
147054165 147057339
147062445 147087653
147068149 147089631
147070311 147091149
147079189 147096025
147138391 147169165
147140415 147170775
147144279 147176709
147149339 147184069
147159597 147185863
147395531 147426535
147400959 147433619
147404777 147435367
147415173 147438633
147643287 147646553
147651337 147676913
147654925 147681743
147659847 147685055
147668863 147689517
147814637 147817581
147820065 147844307
147823653 147845871
147826827 147853093
147837039 147856359
147990863 148014001
147993255 148018739
147995739 148020349
148000385 148024811
148007423 148025041
148320959 148324455
148329009 148354861
148332873 148358173
148337657 148359783
148346351 148364613
148348375 148367787
148579617 148606481
148591485 148612507
148597557 148614209
148595579 148614301
148597741 148617429
148748713 148772863
148753773 148779947
148756303 148781603
148768309 148786111
150713741 150715857
150722021 150744607
150735729 150746355
150736557 150749437
150802475 150805373
151125533 151146325
151127695 151147935
151131375 151151063
151134733 151153869
151138505 151160171
151454525 151489347
151456779 151492383
151460551 151493993
151463955 151498455
151473063 151500249
151475317 151501859
151477341 151503515
151958087 151984859
151961353 151989367
151966367 151991115
151969955 151992817
151979155 151997647
152718053 152719801
152732129 152746573
152737005 152751403
152738983 152754715
152740961 152756279
152883193 152885677
152894095 152914979
152897591 152919947
152907251 152924271
153570295 153590259
153569697 153590581
153573377 153595365
153575447 153596883
153580461 153602495
154103435 154127033
154107207 154128551
154109645 154134669
154118983 154140419
154284859 154296543
154289781 154298245
154610861 154631929
154614265 154639151
154616519 154640853
154628479 154645407
155273445 155298561
155278505 155304173
155282507 155310245
155292627 155311993
155356981 155387341
155359005 155388905
155363973 155394931
155367837 155396679
155375243 155401141
155377221 155402705
155863027 155894583
155865189 155896239
155868685 155902311
155870939 155903875
155882945 155907141
155885245 155908843
155946103 155949461
155951209 155980465
155956269 155983225
155960179 155989297
155970115 155992425
155971955 155994173
155973933 155995783
156112577 156141695
156117959 156143351
156121731 156148135
156123847 156149653
156135715 156158531
156198597 156200805
156215847 156227853
156219481 156229325
156222839 156235397
156572623 156605789
156576349 156607537
156584307 156615035
156586607 156616599
156591299 156618163
157005943 157009025
157014407 157033267
157021583 157034923
157023469 157036625
157028437 157041501
157030553 157043203
157090261 157093895
157107649 157120805
157111375 157125681
157114733 157128441
157117125 157131753
157173843 157177983
157190081 157203283
157195003 157204939
157200615 157209907
157344043 157374771
157346297 157376473
157350253 157381349
157356371 157384201
157363777 157387421
157365341 157389031
157426705 157459181
157428729 157460883
157430661 157466771
157434571 157468381
157446439 157471601
157448647 157473349
157574595 157595341
157812921 157844799
157815083 157846455
157817107 157852619
157820971 157854229
157832195 157857403
157834173 157859151
157982385 157985559
158000325 158010583
158002395 158016793
158004419 158018357
158006535 158021439
158149503 158153091
158167167 158180001
158170939 158184969
158174159 158187821
158176229 158191179
158414187 158434703
158419293 158437969
158422881 158444133
158748745 158773125
158756381 158774827
158763189 158776345
158766593 158782049
158768893 158784395
159252537 159256263
159264405 159282989
159271259 159284783
159273375 159292373
159276733 159298491
160847633 160878361
160852601 160882823
160857661 160884525
160861433 160890643
160864929 160895013
160868793 160896761
160949477 160967141
160958033 160968797
161113237 161115629
161130441 161141665
161132787 161147783
161134949 161150957
161137111 161152475
161516933 161538921
161526685 161540577
161530733 161542187
161534321 161546511
161596329 161598905
161601619 161630691
161605667 161637913
161609669 161639661
161620203 161642835
161622457 161644537
161679175 161682947
161685707 161711099
161691733 161715699
161695643 161717493
161702681 161721035
161704751 161725497
162185083 162187337
162197641 162219353
162201735 162220917
162205829 162226851
162209187 162231175
162265813 162269953
162267699 162297369
162282465 162299117
162292355 162303717
162435461 162465867
162440843 162467615
162444753 162472353
162446593 162476815
162458093 162478333
162521297 162549955
162532061 162557223
162542687 162561639
162543837 162561823
162614999 162632985
162620289 162635791
162622589 162640345
162696051 162716337
162703825 162717993
162705941 162719511
162711139 162725491
162713255 162729953
162854245 162859075
162870253 162886123
162873749 162889389
162875635 162891045
162877797 162894863
163020259 163052275
163020765 163054023
163022559 163054667
163024629 163059359
163038613 163063959
163040913 163065431
163043259 163066903
163113041 163132913
163123805 163134615
163126703 163136225
163611635 163635739
163619225 163637349
163615407 163637625
163619455 163640845
163629805 163645307
164124259 164126283
164135161 164155677
164145373 164164647
164147489 164169523
164459415 164485359
164466637 164486923
164470501 164491523
164475469 164497089
164477539 164498791
165131383 165160225
165136673 165161927
165140537 165166481
165149783 165168091
165460651 165462675
165463641 165489539
165475785 165490091
165483789 165494599
166565387 166568055
166579095 166600117
166584247 166604625
166586363 166606327
166588433 166611157
166815535 166843641
166827265 166848195
166835637 166849943
167322225 167352263
167335933 167356771
167344627 167358473
167346881 167363165
167573247 167598225
167580515 167599973
167584241 167603147
167987063 167990421
167991203 168016273
168003117 168017883
168010477 168022483
168012685 168024047
168322127 168326175
168324151 168329349
168335881 168357501
168344575 168362009
168346691 168366471
168350325 168369323
168488647 168517719
168500653 168523837
168504333 168525447
168506909 168527011
168509025 168530185
168660043 168693715
168662067 168696981
168666713 168701351
168672601 168701995
168676327 168703605
168682077 168705307
168903889 168906465
168909363 168933927
168920863 168935583
168928315 168941701
168930431 168945059
169154911 169185179
169160063 169186789
169166365 169191343
169168435 169193091
169177635 169196357
169179705 169197967
169248567 169269313
169250913 169270877
169252063 169275569
169253029 169275937
169260803 169280445
169263103 169282239
169336611 169353723
169338727 169357035
169340797 169358599
169574983 169577697
169582757 169608057
169586851 169609759
169591497 169613531
169600467 169618177
169913681 169940959
169920995 169945467
169924629 169947123
169929459 169952781
169930839 169958807
169935163 169958945
170330717 170355097
170332787 170356615
170338951 170359421
170344057 170362871
170351509 170364573
170585327 170615319
170590111 170617021
170593699 170621851
170602301 170625163
170605843 170627969
170749915 170777653
170760403 170782621
170763761 170788877
170767487 170792143
170769603 170793707
171001351 171030101
171003513 171034471
171008711 171040497
171008527 171041095
171016209 171045511
171020211 171047121
171022373 171048731
171101309 171120307
171106553 171121917
171114603 171127805
171117363 171128035
171119433 171131301
171358909 171362037
171367281 171386095
171375929 171388993
171379425 171390557
171906907 171910035
171915693 171934231
171924755 171935841
171927561 171937405
171930919 171943293
172080189 172110043
172085249 172111699
172090539 172116529
172088837 172116851
172090999 172120117
172096105 172121819
172099739 172124579
172102039 172126235
172242109 172273297
172252965 172275045
172256415 172281301
172260417 172284659
172262487 172286177
172493407 172524227
172497363 172530161
172500905 172531817
172504263 172536279
172513325 172539867
172515441 172541431
172517419 172543041
172667149 172696405
172672301 172699211
172675843 172705329
172680121 172705697
172685181 172710113
172687343 172711769
172994531 172999269
173013483 173026087
173015507 173027697
173017255 173031239
173019095 173034367
173332217 173358483
173343533 173364601
173352181 173367867
173625145 173665809
173627399 173667373
173828603 173846313
173917981 173943189
173922719 173948755
173926491 173954827
173936611 173956529
174163621 174166059
174169095 174195361
174175351 174199823
174178111 174201525
174188001 174207735
174190255 174211093
174500249 174526699
174508805 174531713
174512393 174533323
174517361 174536635
174520765 174542799
174830345 174834439
174832369 174836003
174845341 174861395
174847779 174865903
174850769 174867467
174854219 174874919
174856611 174879979
174997785 175000223
175003213 175026627
175012689 175028191
175022625 175033113
175085645 175110945
175094293 175118121
175097789 175119685
175102803 175125343
175104965 175130311
175106897 175132013
175245955 175276499
175251015 175281283
175254787 175282893
175257041 175286297
175268955 175292001
175271163 175293657
175435935 175447113
175438603 175450379
175440719 175451897
175442835 175453461
175585481 175617405
175593071 175619153
175598959 175625271
175601443 175627065
175605353 175630331
175607699 175631941
175758211 175790457
175769987 175792021
175779003 175795333
175953389 175958679
176160895 176179249
176172395 176182193
176490899 176515049
176497615 176515509
176502721 176518223
176506861 176521719
176820581 176852827
176822559 176858899
176826561 176862027
176831575 176866351
176841833 176868053
176986549 176988343
176994553 177018519
176998509 177020221
177002097 177023395
177008031 177025005
177011251 177033929
177074455 177100951
177078457 177102423
177081953 177111255
177092349 177113003
177241711 177264711
177251739 177266367
177254131 177267885
177258455 177271105
177403677 177441443
177407771 177444801
177409795 177446365
177414901 177450735
177424193 177452483
177426217 177454001
177428471 177455519
177490755 177519827
177498069 177524795
177499909 177526497
177510627 177532477
177570887 177575119
177572865 177576729
177583997 177602121
177587999 177608239
177590069 177609803
177595175 177615323
177735659 177737591
177741317 177764179
177751851 177765835
177755715 177770527
177759073 177773425
178239267 178264981
178242855 178269765
178245247 178271375
178251595 178275837
178255367 178280437
178527641 178538037
178532701 178541395
178534817 178544155
178849227 178881151
178853183 178882715
178856863 178884279
178868409 178890581
178870341 178895043
178873607 178897849
179013861 179044083
179028029 179049051
179032767 179052179
179032997 179052501
179035205 179054019
179265803 179298279
179275693 179304213
179278131 179305869
179280339 179309089
179285675 179311803
179346855 179378871
179350719 179383287
179352743 179388209
179357481 179392855
179363599 179394603
179373995 179397363
179601787 179624787
179613701 179626489
179616093 179630997
179620187 179632653
179846967 179881881
179848991 179883491
179856075 179890897
179858053 179894301
179869369 179895911
179875073 179897705
179929445 179933217
179945223 179959207
179949041 179960909
179950973 179965417
179952859 179967073
180094999 180096701
180100565 180124301
180107005 180128855
180111191 180130649
180115285 180132259
180118873 180137779
180178903 180181847
180187045 180207883
180190449 180213403
180194313 180215151
180203467 180219935
180201443 180220027
180509873 180514013
180516819 180538347
180526755 180540049
180528871 180541659
180533977 180547685
180536001 180549387
180852343 180867891
180857541 180869547
180861635 180871203
180927599 180955797
180937581 180958649
180941215 180961961
180949495 180963617
181088139 181090715
181096143 181119465
181108977 181121259
181506509 181516859
181512213 181518607
181596715 181611205
181602557 181612861
181608859 181615759
182030587 182059015
182038085 182062281
182041259 182063845
182045537 182064213
182526053 182528767
182529779 182555355
182537139 182555999
182540727 182557701
182551031 182562577
183926293 183950995
183933515 183952651
183935217 183954261
183944325 183960149
183946395 183961805
184261955 184302757
184270235 184304505
184273685 184306069
184280401 184308967
184282287 184310623
184284403 184312187
184286151 184313705
184927391 184930243
184934705 184963961
184944733 184965663
184953427 184968975
185435461 185454827
185440843 185460393
185443143 185462141
186285311 186303481
186293545 186305091
186297363 186306655
186300675 186312727
187442855 187446949
187450583 187475745
187460841 187477401
187468155 187480759
188291325 188303883
188293257 188305493
188298271 188312853
188300571 188317361
188440135 188471369
188445103 188474681
188448645 188476337
188450669 188482455
188460973 188488113
188462951 188489769
188466263 188492575
188622617 188646813
188629931 188648469
188636555 188653299
188639867 188656059
188641845 188658267
188854917 188875479
188865589 188877273
189518605 189522653
189520675 189524309
189533463 189549655
189538201 189554485
189540225 189557705
189543399 189563639
189781587 189784807
189793179 189811165
189798193 189812867
189800217 189817835
189950821 189954409
189961769 189981227
189966921 189988449
189971843 189991853
189974005 189993509
190302813 190319649
190308103 190322455
190310449 190327423
191333995 191338733
191336985 191367483
191352119 191369231
191360123 191372451
191671635 191675499
191673337 191700707
191688241 191702317
191693117 191708389
191695233 191709907
191698867 191714231
191838063 191872011
191842249 191879739
191844503 191882913
191848367 191884569
191860373 191886133
192172851 192174783
192188445 192201739
192192355 192207857
192195621 192213515
192197875 192215309
192338497 192371985
192350825 192373641
192352849 192379621
192358047 192385187
192360117 192386889
192505707 192537171
192510583 192538781
192516747 192543197
192518955 192544991
192528891 192549867
192531007 192551707
193010511 193044367
193019573 193048783
193023345 193055315
193032361 193056925
193570055 193597839
193572539 193602347
193577645 193609477
193581601 193611133
193585787 193611317
194069569 194073065
194080839 194100665
194071409 194100895
194081161 194105265
194085025 194107013
194095007 194111521
194405783 194409049
194413695 194436143
194417191 194441939
194422481 194443687
194429887 194448517
194431727 194453347
194576443 194578513
194573269 194608689
194582193 194613105
194587575 194616417
194595119 194621063
194597281 194622719
194602617 194624375
194917947 194947433
194923375 194949181
194926917 194954149
194935473 194955759
195081247 195083593
195089113 195113907
195092931 195117219
195097715 195118875
195106409 195124027
195417369 195448465
195425051 195450213
195428731 195456331
195438621 195458033
195586005 195618021
195588029 195619723
195590007 195624415
195593917 195627267
195604083 195630579
195606061 195632235
195608085 195633799
195750363 195754825
195752525 195756435
195765451 195781735
195767751 195786059
195771615 195787669
195775065 195795029
195777273 195799215
196286309 196288793
196284193 196316577
196300155 196319797
196303697 196325961
196308711 196327663
196310873 196330975
196453243 196457383
196461339 196487605
196465203 196490963
196467365 196492619
196477255 196496023
197127971 197153409
197130271 197153731
197134181 197155295
197139241 197160907
197146785 197164265
197148763 197165829
197296377 197326139
197301207 197329037
197305117 197335201
197314731 197338421
197317261 197340169
197479457 197487369
197481389 197488979
197483643 197490589
197620953 197626151
197624035 197658627
197636915 197662307
197643999 197666631
197623759 197669529
197820961 197842213
197923127 197926807
197928693 197954315
197940055 197955971
197948887 197957719
198107081 198109427
198120283 198136383
198123963 198138039
198126539 198144157
198129805 198149769
198270841 198273555
198276315 198302351
198285193 198304007
198286343 198307089
198295451 198307365
198297797 198311919
198435015 198439569
198441501 198466065
198446285 198473333
198448217 198476645
198456773 198478209
198458659 198482579
198461833 198485293
198769251 198775415
198781211 198798691
198778911 198799197
198780659 198800807
198785535 198802417
198795333 198810191
198943637 198970363
198954999 198974963
198957115 198976573
198962083 198978137
198964061 198982921
199105051 199109007
199115861 199135365
199117977 199137021
199122715 199141759
199131409 199146451
199465691 199467853
199620527 199639571
199622873 199641135
199628071 199647253
199630555 199648955
200118247 200137475
200784327 200786673
200800887 200816619
200802865 200818229
200807695 200820943
200809719 200827107
200954573 200981989
200956689 200983599
200958805 200986681
200962347 200988245
200974537 200993305
200976745 200997721
201128545 201154213
201131075 201155869
201137515 201160791
201134801 201161067
201136779 201162723
201141701 201165897
201291247 201318065
201296123 201323079
201298055 201324689
201309831 201329289
201312085 201330899
201454823 201457721
201462091 201484447
201467197 201486057
201470647 201494245
201475707 201495947
201477685 201497465
201792693 201825491
201796741 201828665
201800513 201833219
201810173 201835013
201812243 201836623
202124169 202155311
202133921 202160325
202136129 202161889
202148043 202166259
202300119 202320313
202305041 202325741
202307157 202327443
202310837 202329053
202312723 202333883
202465719 202486971
202469261 202494147
202473401 202495757
202803497 202820149
202806855 202822955
202810903 202824749
202815089 202830821
202817159 202832431
202963301 202992143
202974755 202996697
202976733 202998353
202979861 203005667
202983541 203008979
203130833 203160641
203139895 203162251
203151487 203168783
203153465 203170439
203156731 203177891
204021531 204055847
204031237 204059021
204042829 204061827
204045037 204068037
204048303 204070843
205520487 205552457
205536771 205556965
205540589 205561289
205543809 205567453
205595099 205597215
205583599 205605219
205687007 205691469
205688847 205718333
205702095 205724313
205704165 205730523
205713365 205733697
206022945 206025751
206029247 206051741
206038079 206054547
206040563 206059147
206048153 206064023
207197877 207229893
207205467 207233297
207211861 207236103
207215541 207237805
207217565 207242727
207360763 207363109
207366145 207392135
207377737 207393837
207386339 207401565
207879781 207894593
207882265 207900757
208594253 208597289
208602579 208621531
208614999 208624383
208611503 208624659
208615229 208626269
208617391 208632479
209096803 209123667
209103197 209128175
209107107 209129785
209116031 209134523
209118285 209136179
209590015 209594201
209597881 209624561
209601837 209627781
209605701 209629529
209612969 209635647
209616143 209638683
209618351 209640431
210265801 210285305
210266353 210286915
210268147 210287237
210273391 210292941
210280659 210294781
210429101 210457391
210433747 210464567
210435909 210469029
210447179 210472433
210449617 210474135
210451595 210475653
210803633 210806117
210809245 210835465
210812833 210840341
210814857 210844757
210826495 210846413
210828657 210849725
211635083 211639039
211652977 211665949
211656519 211670917
211659647 211673677
211661717 211677173
212134091 212135563
212141497 212166107
212145361 212167763
212150329 212170937
212159023 212175905
212633743 212662125
212635859 212665851
212639677 212667461
212645749 212673579
212653017 212675327
212655041 212678501
212797227 212800999
212799067 212802563
212812131 212831497
212814523 212833015
212818663 212839041
212822251 212843411
213535251 213536309
213537321 213557239
213538563 213560689
213543807 213563587
213551397 213565151
213530697 213573109
213541829 213582493
213578675 213584241
213546061 213587599
213549373 213590359
213553421 213592107
213611105 213620673
213616717 213622421
213770357 213801683
213784755 213806007
213782087 213806145
213787469 213807847
214106387 214135459
214121245 214137069
214128651 214142129
214130583 214145303
214945335 214963367
214953799 214964931
214961481 214967691
214958629 214967737
214960837 214972705
215120135 215131451
215125057 215134855
215127357 215136373
217534905 217563655
217544795 217567933
217548613 217569589
217553489 217575017
217555513 217579985
219224209 219228165
219230603 219252361
219241229 219254063
219249279 219259997
219246243 219260089
219248175 219261745
220221949 220226687
220224019 220228297
220235197 220253735
220239153 220259899
220241177 220261463
220246283 220267167
220248583 220271353
220720911 220753525
220725005 220756653
220728501 220759367
220733515 220764197
220745613 220767417
220898149 220918297
220904865 220919861
220900173 220920183
220904957 220924967
220910109 220929475
220912409 220931177
221605399 221609585
221607377 221638289
221613127 221644085
221617819 221648271
221626467 221654619
221628445 221656275
221630469 221657931
221633643 221660783
221596015 221662439
222913915 222939445
222918101 222940917
222920401 222944183
222926611 222950301
223096581 223114337
223101411 223115947
223103389 223117557
223106839 223122111
223243965 223275705
223248013 223281685
223250083 223283341
223255327 223290609
223257443 223292311
223261445 223293829
223269173 223295485
223749275 223778945
223763857 223780647
223771171 223785707
223773333 223789019
224420001 224446221
224431915 224450821
224441483 224452569
225086863 225113497
225090681 225119523
225094085 225123985
225097995 225127389
225103055 225128953
225489087 225515905
225495573 225517423
226277941 226297767
226283415 226299423
226285209 226302551
226446301 226467231
226448785 226468795
226454259 226475971
226463597 226479191
227107965 227134691
227115463 227139429
227127101 227141131
227129585 227145777
227274531 227303235
227288975 227304937
227296335 227309905
227298543 227313125
227777127 227814157
227783843 227821517
227785959 227823173
227793043 227824783
227796769 227826485
227800173 227829337
227802335 227831039
227939737 227973593
227948845 227977963
227952663 227981367
227958827 227984173
227962645 227988589
228127095 228150233
228132063 228151843
228141171 228156259
228293063 228309807
228302079 228311509
228457743 228461745
228465701 228491967
228469611 228495785
228471497 228498913
228481755 228500569
228484883 228505215
228966733 228992171
228968711 228993735
228972253 228999669
228982327 229001371
228984351 229004775
229129067 229157863
229143189 229159473
229151147 229164073
229153217 229167707
229638379 229649741
229643623 229651351
229645371 229654709
229648453 229657561
229735899 229738797
229741327 229765523
229757381 229767271
231347417 231372671
231354593 231374235
231365725 231381503
231367703 231384723
232518577 232538541
232517795 232539047
232519773 232543923
232529295 232548385
232531549 232550087
232890625 232903183
232896881 232907553
232899227 232909301
233208439 233239673
233217777 233245883
233221089 233250391
233225091 233252093
233228725 233255497
233876681 233878337
233897197 233905109
233891953 233905201
233895633 233906811
233899037 233916885
234211561 234239483
234213723 234240955
234219841 234244313
234223567 234246015
234230559 234250891
234232629 234255215
234711811 234713697
234728233 234741389
234733109 234744563
235374625 235406641
235384147 235412713
235387735 235417543
235391875 235420671
235395647 235422281
236389339 236392559
236397389 236416893
236405807 236418503
236410959 236421263
236413489 236426139
237063607 237066321
237077407 237096681
237082375 237098337
237084261 237101419
237087665 237107537
237582303 237589617
237583959 237602175
237588191 237609949
237598817 237628073
237600887 237631615
237607143 237633271
237586305 237636399
237591457 237637963
237613767 237639757
237615929 237641321
237623657 237644265
237864789 237867733
237872701 237896667
237883373 237898461
240214239 240218241
240222335 240246991
240233145 240248785
240242161 240253155
241405915 241425097
241418105 241426753
241732699 241734677
241738311 241763565
241747281 241765175
241749673 241768303
241754503 241774329
241756665 241776077
241758689 241781919
242067579 242070661
242072823 242098353
242084415 242102953
242088325 242104517
242091545 242110037
242093845 242111785
242236859 242242057
242239021 242266207
242252729 242267817
242256501 242269519
242259675 242274257
242261607 242278765
242567921 242571509
242575925 242600213
242586551 242601961
242595015 242606469
242740053 242743963
242741985 242747183
242750633 242769953
242758315 242777727
242760523 242779429
242762501 242780993
242914025 242943327
242923777 242949215
242938681 242952021
243757619 243785449
243767463 243788899
243768521 243790509
243775513 243790831
244587275 244590587
244592657 244618463
244597625 244624075
244601397 244630009
244611011 244631711
244613081 244634977
244768699 244782591
244770861 244784155
244776151 244790089
244778497 244793493
245095759 245115217
245099347 245118667
245101417 245120185
245253631 245257311
245264809 245284267
245275619 245291489
245277827 245294479
245423509 245450695
245428523 245455847
245430547 245457457
245434457 245460631
245436619 245462241
245574159 245581059
245562751 245606405
245576229 245606497
245571031 245610085
245576137 245617353
245577977 245622229
245588373 245623747
245603507 245625403
246230947 246234351
246250175 246261261
246252199 246262871
246255465 246268805
246257443 246270875
246399353 246426217
246410301 246427689
246406437 246428057
246419547 246432519
247568167 247582703
247574883 247591995
247576033 247592225
247637351 247641031
247645815 247666975
247648161 247668493
247653037 247673277
247661915 247677877
248638127 248669637
248642083 248674007
248646361 248681045
248647143 248681229
248654549 248684633
250668475 250692119
250672477 250693729
250677997 250699295
250680481 250700997
250997743 251026723
251010899 251028333
251014763 251034359
251018719 251035877
251021019 251039097
251168817 251192737
251181007 251195681
251185055 251198947
251188689 251204467
251332209 251366525
251334831 251368043
251336763 251374023
251340443 251378347
251349183 251381291
251352909 251382901
251356313 251385707
251506319 251536219
251512713 251538979
251516623 251540635
251524535 251544407
251526835 251548731
251673345 251699795
251691147 251704901
251684707 251704993
251689583 251709547
251691975 251711295
252001739 252034951
252007075 252038217
252009283 252043047
252012917 252044703
252022991 252048015
252340161 252366335
252351707 252367899
252360355 252373971
252502955 252538053
252512247 252544171
252515881 252545873
252525863 252549001
252668739 252698639
252683551 252700249
252691095 252704757
252693303 252706413
252839445 252872519
252845977 252879741
252848093 252881443
252851911 252884709
252859731 252885031
253172531 253201741
253185411 253203443
253189275 253209699
253192863 253211355
253194841 253215035
253576181 253599503
253578343 253625263
253951633 253979693
253963823 253984477
253965847 253986087
253970815 253991745
253973069 253997817
254622543 254651569
254636205 254656031
254643565 254657687
254645727 254659389
254856499 254870667
254858523 254872323
254863675 254878165
254865837 254882535
255467103 255471381
255468989 255497785
255489045 255499395
255485457 255499533
255494243 255505605
255641719 255671895
255646825 255679163
255651149 255680773
255660717 255683901
255662833 255685649
255803409 255805203
255808929 255834045
255810815 255835655
255814403 255837219
255826041 255840991
255828341 255845545
255969929 255997253
255975219 255998817
255980647 256006085
255984695 256007695
255987133 256011007
255991273 256012617
256471467 256474641
256487981 256501597
256492811 256503207
256495019 256508037
256497227 256509693
256638723 256642449
256646819 256671199
256657399 256672947
256659929 256677363
256662643 256679295
256664989 256681043
257990801 258021851
257996045 258027279
257998621 258028981
258162611 258191315
258174571 258192971
258176503 258196789
258181517 258202401
258183679 258208611
258185611 258210175
258658399 258662677
258665023 258689633
258676247 258691335
258684711 258699109
258825885 258830163
258842261 258856981
258847229 258858545
258849299 258863375
258851323 258865031
259503235 259523797
259502729 259523889
259505995 259531065
259509997 259534331
259513631 259535941
259519197 259541967
259667869 259687511
259680795 259689259
259683003 259690915
259828639 259862357
259832779 259864105
259836505 259869901
259838529 259871557
259849799 259874777
260165911 260193143
260169131 260195903
260175617 260201929
260189371 260206161
260186657 260206253
260453135 260470431
260455343 260473651
260856785 260883603
260858993 260885351
260864053 260888663
260873023 260891515
261016957 261019165
261014933 261048513
261024225 261050169
261030389 261056241
261032643 261057851
261037611 261061117
261572039 261615095
262112677 262146717
262118013 262151087
262120405 262157205
262569503 262599357
262572033 262601013
262575805 262602669
262581785 262608649
262589191 262611823
263076285 263099653
263088061 263101355
263095421 263103149
263095237 263107427
263400999 263404449
263409371 263433337
263418663 263434993
263428277 263438903
263908517 263938279
263919051 263939981
263922685 263943707
263926181 263950745
263930183 263955253
264253425 264268973
264258807 264270629
264262809 264272193
264748707 264779389
264751007 264781045
264755055 264786013
264767981 264788819
264766831 264788911
264769039 264792085
264912053 264915963
264913893 264941079
264928567 264942781
264933627 264948853
265142789 265145457
265148309 265171907
265160361 265173563
265163075 265173701
265168457 265179819
265311931 265314461
265321545 265341325
265327111 265346891
265329595 265348685
265480751 265482683
265486133 265511617
265493585 265513227
265505177 265514837
265649893 265673583
265661807 265675239
265665717 265676941
265667833 265683013
265669857 265684577
265981599 266011453
265986751 266014581
265990661 266016191
265994479 266022217
266003541 266027875
266005611 266029439
266157135 266183999
266163391 266188415
266167209 266190117
266173373 266194947
266175443 266196511
266178617 266202123
266316019 266319745
266326829 266344999
266337271 266346747
266340721 266352819
266342975 266354475
266486725 266488749
266493901 266515475
266498869 266518695
266502089 266521501
266510783 266526515
266651819 266654441
266659915 266684755
266663917 266688021
266666769 266689723
266675325 266694323
266831357 266847917
266829333 266848423
266832599 266855599
266836601 266857347
266840419 266860521
267154553 267185465
267165823 267189329
267168123 267195263
267178611 267196781
267495091 267522323
267500243 267532397
267502589 267534053
267514365 267537319
267514595 267537365
267842805 267867047
267852373 267868657
268079429 268082051
268090331 268107351
268100497 268109099
268102337 268110571
268104223 268115447
268757837 268777801
268769291 268779457
269087703 269113279
269092947 269113371
269095109 269114981
269097087 269116591
269108403 269121421
269418213 269421019
269425619 269447423
269429345 269454553
269433209 269456209
269443283 269460625
269711371 269745825
269714959 269747573
269716937 269752357
269724711 269756819
269726735 269758475
269728575 269760131
269810225 269856041
269849095 269857789
269898637 269923615
269912345 269925271
269918509 269932769
270903139 270929313
270914639 270933867
270919423 270935385
270922413 270940031
271738867 271742639
271740891 271771619
271756301 271776035
271763799 271777783
271909573 271933447
271917209 271935011
271920981 271939887
271925811 271945545
271925949 271945775
272238289 272270305
272242107 272271869
272245925 272276331
272255033 272281897
273102583 273108931
273104745 273110541
273919865 273923545
273921751 273952433
273930721 273960989
273934263 273965497
273942451 273967291
273945625 273970097
273947465 273971799
274251571 274284047
274257045 274288509
274262105 274294259
274265693 274298905
274269327 274300469
274273007 274302033
274592707 274621917
274604943 274623573
274607289 274626747
274612487 274634199
274614833 274635947
274616903 274641329
274764241 274790645
274769025 274796211
274772935 274801133
274776615 274805457
274780387 274805641
275093601 275126767
275102893 275128469
275179851 275193973
275181967 275194341
275184175 275198619
275187809 275201379
275191949 275203127
275193927 275204737
275786959 275788891
275792663 275817963
275804209 275819619
275811615 275824449
276313935 276319639
276458329 276459065
276462239 276485055
276473555 276487907
276475717 276491127
276957981 276959959
276965801 276990227
276969895 276993539
276974725 276995149
276979739 277000991
276981901 277004349
277127767 277154907
277128917 277156471
277135081 277156655
277147915 277161117
277150031 277165947
277503541 277527415
277525115 277533349
277504921 277554003
277544573 277556901
277541905 277557959
277543883 277559707
277521389 277561271
277523321 277562881
277528243 277564537
277530819 277566147
277545769 277567803
277551427 277569321
277631835 277635147
277648303 277662057
277657135 277665369
278129141 278131441
278137329 278161801
278141193 278165113
278144919 278166723
278152555 278172841
278301411 278333105
278303573 278334807
278305643 278339637
278313647 278342489
278315809 278345755
278319259 278347365
278321467 278348837
278323445 278350447
278473543 278493093
278487021 278494703
278969377 278995505
278974713 279002773
278977151 279007327
278989479 279010547
279307063 279325647
279316769 279327395
279320541 279331857
279322565 279333513
279465349 279497917
279480437 279502379
279482369 279506887
279487383 279512867
279564663 279585731
279568481 279589089
279576485 279590791
279638815 279665403
279640701 279667013
279644473 279670279
279650637 279676397
279652983 279678145
279657951 279681457
279805795 279838685
279816559 279842963
279818629 279844665
279828749 279848437
279982987 280014957
279992233 280017671
279996235 280020799
280006999 280024019
280154659 280187043
280162157 280188791
280168275 280193299
280172231 280194909
280174255 280199739
280176601 280201303
280649527 280651597
280657255 280678185
280669629 280679887
280671883 280685775
280673953 280687339
280820325 280843877
280832745 280845625
280835275 280850087
280839277 280851697
280985235 281017343
280989145 281022035
280990985 281027923
280995079 281031097
281005613 281032753
281007775 281034455
281009569 281036019
283437909 283471719
283446925 283475031
283452215 283479953
283460633 283483265
283605855 283634835
283615055 283639895
283625635 283644357
283627935 283646059
283776101 283804069
283785715 283810095
283796111 283813545
284106151 284134579
284114109 284140835
284119123 284145251
284121193 284146953
284124827 284150357
285279243 285280899
285296723 285308361
285300357 285313283
285303853 285316089
285450087 285474789
285469867 285477641
285453307 285501377
285479711 285503033
285451743 285504229
285453675 285505931
285471799 285510761
285473639 285514441
285489279 285517845
285497559 285519547
285500503 285522353
286070213 286089349
286072283 286091005
286077113 286093903
286079137 286095651
286086635 286097261
288279593 288306273
288281847 288307929
288284147 288309493
288296015 288314001
288941763 288972031
288953401 288978103
288964027 288981415
291678165 291710733
291688745 291718369
291692517 291719887
291694909 291723199
291700061 291724809
292908619 292933459
292918279 292936771
292924213 292942797
292927479 292944545
293238853 293241153
293248651 293269949
293259415 293271697
293438217 293441437
293433019 293443093
293434951 293472947
293440011 293477455
293448245 293479065
293454363 293483803
293458043 293485505
293464759 293487115
294966383 294995179
294978067 294999641
294979999 295001297
294985059 295006955
294987313 295011739
294989475 295013303
297313441 297344353
297325125 297348907
297328851 297350609
297333773 297356267
297335843 297361281
297338097 297362799
297990239 298008685
297998795 298010341
298003717 298013147
298005787 298017931
299660545 299687133
299664317 299692009
299666525 299693619
299678209 299698127
299680187 299702497
300581419 300607455
300586295 300612515
300588319 300614125
300592045 300617299
300594023 300618863
301248971 301272799
301260747 301274455
301268199 301280343
301269809 301281907
301412593 301428141
301411121 301446173
301425795 301453993
301414663 301455603
301408315 301457489
301410385 301459099
301415997 301460755
301417975 301462457
301420183 301464067
301423449 301466873
301439135 301468621
301439687 301471427
301446449 301472071
301448289 301473773
301451463 301476487
301453579 301478235
301627413 301630357
301635279 301659199
301639511 301660947
301643053 301664167
303046191 303080737
303054333 303084141
303066477 303086901
303068731 303091777
303070801 303093387
303712225 303715583
303725381 303742539
303732143 303748657
303734213 303750175
303737709 303757397
304386125 304414967
304396659 304416669
304401627 304421499
304406595 304425869
304408803 304427571
305406589 305423149
305409763 305430417
305413535 305433867
305415559 305435523
306059421 306090425
306063699 306095255
306067793 306099625
306070139 306101327
306082053 306105329
307062129 307065533
307068569 307093455
307072295 307095111
307077447 307098561
307086371 307103069
307088487 307104679
307500969 307504695
307506581 307529995
307517069 307532801
307519047 307538827
307523969 307544577
308179883 308200031
308188439 308201733
309174817 309203337
309176979 309207707
309182131 309214837
309186317 309216585
309188663 309219805
309193815 309222565
309196299 309224267
309391293 309416317
309421147 309441387
309429105 309442997
309436649 309444699
309414339 309447873
309688545 309720193
309695951 309721895
309699125 309727967
309703265 309728289
310363227 310383881
310373117 310385583
310376889 310391701
310378959 310393265
311024753 311051801
311037127 311056309
311039565 311057965
311045085 311065371
311830903 311844887
311836239 311849349
311838631 311851005
314599873 314602127
314610499 314629175
314615651 314636443
314620803 314639709
314622873 314641365
317082401 317113083
317088059 317116487
317091509 317118143
317102779 317124169
317377905 317427677
317390279 317428137
317733485 317757267
317741673 317757727
317746687 317760625
317750367 317766743
317752391 317768353
318395977 318424727
318408167 318429097
318410375 318433467
318415389 318436365
318417505 318441287
318419713 318442897
319833155 319835685
319838629 319862227
319847921 319863837
319850267 319865447
319855695 319874325
319858041 319876119
320504479 320512713
320511333 320523753
320517865 320525455
320528813 320537323
320531619 320542061
323525621 323552807
323532843 323558925
323536615 323563387
323538823 323568171
323542411 323569827
324596271 324609151
324598433 324613659
324602297 324615315
324605609 324622307
325866193 325868217
325871851 325897197
325883305 325898807
325890849 325903637
327005521 327013571
327007775 327016929
327656651 327683009
327658675 327684619
327663781 327693313
327673073 327694969
327675143 327701041
327677121 327702605
329851219 329880107
329856279 329881717
329860143 329886593
329868837 329888203
329868883 329892619
330178417 330182833
330180717 330208087
330191573 330209697
330196771 330216965
330201923 330218621
330204177 330222163
330850477 330877479
330848683 330879871
330850937 330881481
330854755 330887369
330866531 330889117
330868647 330893671
330870901 330895327
331518489 331545583
331529989 331550091
331531967 331551793
331536981 331553449
331539005 331558233
331856267 331858107
331854243 331888099
331863351 331889755
331874759 331894585
331877013 331899047
331880279 331901853
333324449 333335811
334347535 334351445
334349421 334376745
334361335 334379551
334372789 334385761
334372605 334385899
334681679 334684347
334698469 334711165
334703391 334712775
334705599 334717329
334707761 334718985
335364687 335383271
335369609 335390355
335373427 335393621
335375359 335395277
336496655 336518505
336498909 336523105
336510547 336524761
336518459 336530925
338587677 338591955
338589931 338619463
338604927 338621073
338612425 338625581
338615875 338632895
338947397 338948409
339260795 339290281
339262635 339293455
339268339 339295065
339264613 339299803
339268431 339301413
339273445 339307071
339275653 339308819
339279287 339310429
339282461 339313143
339361765 339366181
341309589 341329737
341317915 341331209
341323711 341332957
341326793 341335671
341485447 341495843
343910567 343916915
343912637 343918617
343916179 343921469
344877303 344892759
344882777 344895611
344890505 344900073
345871179 345905035
345882403 345909359
345884335 345913591
345894823 345916949
346212177 346240375
346222159 346246309
346232417 346249667
347021087 347051401
347029735 347053149
347031621 347059221
347033461 347062349
347038521 347065155
347040591 347066857
347042523 347068559
347683441 347685879
347689145 347714767
347701151 347716423
347705107 347720931
347707361 347724197
347709615 347725761
349027883 349068593
349027561 349069283
349037543 349078943
349069651 349080507
349050239 349095089
349052355 349096837
349056495 349098447
349064499 349100103
349071399 349103047
349073239 349104749
349075033 349106405
349527259 349545383
349535769 349546993
349537839 349548649
349542623 349554491
351038497 351046823
351043879 351056805
351046317 351062877
351805041 351807295
351820037 351839679
351825097 351842991
351827259 351844601
351830617 351850765
352806139 352836959
352811153 352841375
352816121 352843077
352819939 352849241
352829001 352853611
353479671 353505523
353481603 353507087
353483443 353508651
353488135 353513067
353499773 353518127
354534543 354537027
354542777 354567295
354546595 354570607
354549355 354572125
354558233 354576863
356260187 356280289
356262349 356281853
356267409 356286729
356276103 356291237
356762691 356814809
356773823 356816511
356764669 356818535
357129909 357166341
357140995 357169745
357148447 357175863
357150563 357177565
357152771 357179175
357154887 357180739
359488973 359520989
359496839 359522737
359502681 359527291
359506177 359528993
359511651 359533777
359508247 359533823
359510225 359535387
362509011 362511679
362514393 362539325
362523409 362540981
362533529 362545765
362535553 362550319
363176655 363179691
363183141 363207751
363189489 363212167
363193261 363213869
363200621 363215525
363530763 363544517
363537065 363548933
363539503 363550681
363854235 363884963
363856305 363886711
363860077 363891587
363869737 363894485
363873647 363896601
363875579 363898165
364527905 364550031
364528319 364554677
364590925 364597273
366427291 366460227
366429131 366462297
366434421 366469519
366441367 366471313
366451027 366474487
367099259 367128791
367109793 367130447
367111633 367135277
367119637 367139739
367121569 367141441
367836869 367847311
367841745 367848829
367846759 367856097
367867643 367873301
368783871 368786263
368794589 368813035
368798223 368820165
368802225 368823569
368804157 368829779
369789799 369803967
369792329 369805531
369795733 369812891
369799459 369814639
370125875 370160237
370135443 370166217
370140963 370167965
370139123 370171047
370141009 370172657
370144551 370174175
371583707 371603625
371589089 371606799
371592815 371609605
371598105 371614481
371907271 371910721
371908191 371937217
371917713 371938965
371920841 371946233
371924751 371949453
371928385 371951063
372345145 372369295
372358991 372395929
372743827 372747139
372757857 372774003
372764527 372783203
372766919 372784859
372769357 372788217
373080317 373108423
373091035 373111643
373094577 373117623
373098671 373119325
373101063 373120935
373746167 373773583
373748283 373777907
373753527 373784991
373757483 373786693
373767189 373789867
374080173 374083899
374099539 374109797
374096273 374109935
374100367 374111545
374102621 374117571
374104921 374120837
374414685 374444263
374419745 374445873
374422183 374450795
374424069 374456959
374434695 374462709
374436719 374464273
374440399 374467033
379196339 379222145
379198547 379223801
379202779 379228631
379205125 379230195
379216303 379234657
379218511 379236359
379527217 379531035
379529379 379557531
379543363 379565029
379545203 379569353
379550309 379572159
379552609 379577081
379554771 379578645
379865685 379867433
379882567 379894205
379885879 379897471
380163121 380174621
380158015 380201485
380160039 380207879
380165237 380210823
380167215 380212341
380169285 380213951
380171355 380215469
380182671 380218275
380190813 380219885
380193021 380221633
380195321 380223335
380197621 380224945
380354895 380356827
380360645 380385761
380372145 380387463
380374307 380392063
380377895 380393673
380379919 380398411
382037345 382057447
382049213 382059103
382711015 382739627
382722653 382744181
382724723 382745883
382728495 382750621
382730657 382752139
383046769 383076485
383058223 383078141
383060017 383081269
383063007 383088675
383064801 383093091
383377877 383412699
383385375 383415597
383393379 383420013
383398163 383426039
383400141 383427741
383405891 383429443
385080291 385083787
385088893 385107937
385097495 385109685
386088335 386096109
386090313 386097811
386092521 386109081
386102457 386111933
386117913 386121823
386761361 386780957
386763201 386782429
386770607 386787351
386768307 386787673
386773183 386792135
386775391 386793837
387780399 387784263
387798615 387811127
387800823 387814807
387802893 387816417
387805055 387819591
387945033 387969551
387967159 387972587
387968861 387974151
387978705 387998623
387982385 388000279
387987215 388007777
387989239 388009433
387947885 388016149
388912321 388942221
388917197 388943923
388918991 388947189
388925247 388949949
388930169 388951651
389931635 389964479
389935637 389966181
389939409 389967745
389945619 389975933
389951553 389978739
389953761 389980395
389955785 389982005
391269545 391296041
391274559 391301009
391281873 391302619
391276675 391302711
391282793 391307219
391286611 391309013
391597709 391632071
391606679 391635245
391612199 391640213
391620433 391643571
391936775 391964053
391948689 391969895
391957107 391971643
392284167 392314757
392286237 392316505
392289917 392320323
392299945 392323727
392303257 392326579
392305327 392328281
392632433 392652489
392644209 392654283
392646279 392660263
392648303 392661827
392648533 392664633
393295891 393320869
393308265 393323721
393310657 393326987
393316085 393329747
394959619 394979353
394962701 394982205
394971901 394988415
394974017 394989979
394976133 394993245
395504627 395508215
395510101 395537241
395521095 395541565
395529835 395547545
395895259 395939879
395900963 395940247
395924193 395958279
395946089 395988869
395966007 395990433
395968077 395992043
395971573 395994849
396039699 396060537
397991295 398016549
398000863 398019493
398002841 398021149
398008361 398024323
398012961 398025841
398659399 398694819
398661745 398698085
398664045 398699603
398669151 398703973
398678995 398705675
399325663 399357955
399329343 399361313
399332701 399364119
399337669 399368719
399349215 399370375
400030889 400035949
400032959 400060237
400046437 400061847
400048369 400063457
400053521 400068287
400055775 400074543
400376717 400396819
400380397 400400223
400382467 400401833
400391115 400409239
401366499 401368845
401372249 401395295
401376205 401396905
401379655 401404081
401389407 401407393
401391477 401408957
402036765 402040537
402042377 402067907
402054107 402072461
402057833 402073979
402061145 402079591
403937623 403982335
403970237 403989327
403972721 403991489
403978655 403993145
403982105 403994801
403985325 403997653
403988867 403999309
403976631 404000091
404235105 404237635
404244903 404262659
404246927 404265971
404252999 404273101
404255299 404274849
404260957 404278023
404431939 404437827
404422325 404437919
404428995 404440771
404432905 404447073
405429817 405453415
405433727 405455117
405437315 405458429
405445549 405460085
405774725 405786915
405783143 405788617
406427465 406458101
406443979 406461505
406448165 406463115
406451753 406468727
406454191 406474937
407477461 407495585
407482705 407497149
407488133 407503221
407490433 407506579
407800289 407834053
407812157 407836767
407815929 407841137
407821173 407847163
407823473 407848865
408809989 408829677
408812427 408831333
408817441 408838463
408825215 408840165
409135255 409164971
409139027 409166673
409141051 409171549
409144915 409175735
409156415 409177437
409161935 409183739
409468295 409471423
409473631 409499391
409478461 409506659
409480577 409511121
409492031 409514525
409494331 409516273
411821379 411823541
411828555 411854269
411833661 411857121
411835823 411863285
411845575 411864941
411933067 411936793
411927547 411952709
411937529 411978653
412333865 412358705
412338419 412360315
412342513 412363581
412344905 412365145
412674127 412698277
412679417 412703843
412682177 412705499
412687237 412705821
412692435 412712997
412694643 412716125
412998979 413030903
413003993 413032513
413007351 413035549
413014205 413040517
413021611 413044887
413023773 413046451
413669061 413702871
413678353 413707333
413682033 413710599
413687967 413713405
413691785 413717039
414257263 414279757
414262461 414281229
414267521 414284081
414269683 414287577
414353909 414379255
414348297 414379347
414353265 414383809
414358279 414388271
414369687 414389973
416110787 416136593
416118699 416138387
416122333 416143171
416132269 416144827
416776821 416780363
416784917 416804605
416793473 416807365
416799177 416813391
416797199 416813575
416799131 416815185
418141641 418156959
418146655 418161421
418149139 418166205
418459271 418462307
418470357 418488895
418473945 418490459
418475923 418495243
418481029 418500901
419133125 419158517
419137817 419164083
419141773 419169051
419143797 419170707
419147477 419175215
419895299 419937665
419926947 419945669
419908271 419958503
419911583 419961309
421295079 421322403
421306441 421327095
421316055 421328751
422750427 422757511
422754153 422761973
422756407 422767861
422766435 422769563
423411079 423414207
423419267 423442911
423431641 423444613
423433619 423447741
423435735 423449305
425433055 425436183
425441059 425466681
425444785 425469993
425446809 425471603
425458309 425476433
425460471 425479515
426108381 426137177
426108519 426137499
426110911 426141731
426116017 426148953
426123607 426150747
427948795 427999349
427989643 428000821
427992035 428002615
427997187 428004225
427999027 428007583
427982927 428008871
428261825 428293795
428271117 428298717
428273095 428303087
428276775 428304605
428281467 428309205
428286895 428310907
428244345 428313023
428272727 428315829
428979471 428985727
428981403 428987291
429814325 429817453
429820167 429842615
429837555 429844225
429831437 429844363
429840453 429846065
430149665 430178507
430164385 430180071
430171883 430187707
430174091 430189317
431836715 431858473
431840395 431861739
431851113 431869007
431857277 431870663
431919101 431962387
432917945 432920843
432932067 432947845
432935563 432954009
432937725 432957183
432939749 432958701
433584117 433615581
433588119 433621699
433592029 433623309
433595433 433630807
433599481 433632509
433601551 433634073
433609187 433635683
434252175 434282213
434256407 434283731
434262847 434288239
434266665 434289941
434276647 434294449
435949943 435955739
435926621 435974691
435971241 435982005
435975749 435987525
436349545 436370245
436351569 436371947
436353639 436373511
436370153 436376409
437176763 437188309
437187389 437189873
437954025 437957061
437969205 437987881
437971367 437989491
437979555 437995609
437980475 437995701
438648947 438673925
438652949 438675535
438658791 438681239
438661505 438687449
439010231 439022375
439014371 439024123
439016395 439028355
439018373 439029919
441064591 441077885
441068409 441084003
441071537 441089569
441073745 441091317
442596253 442603935
442607569 442612445
442609409 442615711
442587099 442617643
442598369 442622519
442605545 442643357
442611157 442646899
442600347 442649705
442603521 442652557
442630661 442654305
442632455 442655915
442635629 442658721
442637515 442660377
445122343 445145987
445125977 445147597
445135867 445152151
446075555 446095657
446080523 446101177
446082869 446102787
446084847 446107617
446088481 446109135
449435211 449439167
449443445 449469343
449447401 449472655
449451081 449474265
449458579 449480291
449461891 449483327
450487369 450508667
450500617 450515061
450512025 450516717
450522789 450536911
450488335 450538567
450490175 450540177
450493349 450542983
450495373 450544685
450497443 450546341
450502595 450549239
450504573 450550803
450520029 450556875
450520443 450557197
450522513 450558761
450525641 450561475
450531391 450563177
450533415 450564787
450535163 450566305
451308285 451331469
451312241 451333033
451317577 451338507
451325397 451340255
451327375 451345131
451974043 452004541
451979241 452006289
451982829 452012407
451985957 452016777
451987981 452018571
451995571 452020181
453324143 453344705
453334079 453346407
453342543 453352387
457837111 457863377
457842309 457870783
457844701 457875291
457856523 457876993
457857305 457880351
457941669 457968073
457945303 457974099
457948661 457978515
457962415 457980263
457958919 457982149
457962231 457984955
458551813 458556643
458553791 458559771
458555769 458590131
458567729 458593029
458571271 458599009
458573065 458600527
458580011 458603379
458550341 458605127
459862215 459872151
460051459 460071331
460061165 460072987
460063189 460074643
460717125 460721357
460733547 460751211
460738285 460752775
460743713 460754385
462055725 462057887
462061199 462086913
462067317 462091421
462071089 462093031
462080887 462094687
464069007 464071445
464074343 464100333
464085751 464102035
464089569 464106497
464091777 464109717
464094169 464111373
466664005 466669755
466665937 466695469
466651309 466700115
466653333 466701679
466684245 466703473
466687787 466705083
466647767 466709499
466684337 466711155
469513797 469517523
469526079 469543559
469531277 469545123
469536245 469551103
469538499 469554507
474695421 474734567
474718559 474736177
474722101 474740547
474729691 474742295
474952055 474974825
474993547 475000125
479440643 479457479
479444599 479459181
479446761 479460791
479448831 479465621
481930623 481933981
481937431 481962179
481947919 481965445
482826565 482830843
482828451 482832453
482811385 482835029
482971879 482979653
487672481 487674091
487668985 487700633
487681451 487703531
487683843 487709557
487689133 487714065
487697137 487717377
489947733 489976943
489951643 489982877
489956703 489987431
489959049 489989133
489962959 489994055
489973401 489996907
490449685 490474433
490453641 490476089
490457091 490486255
490460909 490488003
490797077 490803057
490800711 490806507
490790131 490808393
490799101 490826747
490807381 490831209
490783139 490835625
490786359 490838385
490788291 490840041
490792155 490841743
490794041 490843353
490812441 490846159
490817869 490847953
490823297 490849517
490826241 490852415
490791557 490853151
491574799 491589611
493639049 493670835
493646363 493672537
493650089 493678517
493657955 493680173
493660117 493680265
498373461 498375945
498384409 498405477
498394805 498412469
498396829 498415643
498795833 498817545
498813175 498844777
499499311 499523415
499511179 499524979
499520195 499531143
500309095 500327863
500314247 500333429
500316593 500335223
500320319 500339961
500322757 500341571
500323953 500342675
503006765 503037539
503016701 503040989
503028707 503045635
503030823 503047153
505161129 505163245
505171249 505195123
505175251 505196917
505182841 505200551
505552865 505577429
505564411 505578993
505571679 505583501
505573611 505585203
506214989 506218117
506233067 506243555
506236793 506245073
506240243 506251191
506813357 506816853
506815243 506843763
506829549 506845327
506831343 506850249
506837415 506855907
506839807 506861979
508083187 508090869
508086729 508102231
508093491 508105083
508108809 508113731
512196185 512200279
512198025 512227879
512213113 512229489
512220473 512233997
512223601 512241219
512521543 512548039
512527845 512549649
512539529 512557285
512541691 512558895
514789251 514799325
514875731 514879963
514874029 514910369
514877525 514914739
514884747 514920857
514889347 514923663
514893027 514925457
514901169 514927067
514865565 514929551
514896845 514931115
515259463 515262959
515267283 515293825
515273079 515295481
515275287 515300357
515284211 515303669
516607401 516632241
516607861 516635047
516613611 516635369
516615819 516638727
516626997 516640429
517321505 517325139
517340825 517352187
517342941 517357063
517346253 517359777
517348737 517362767
521365273 521393977
521367389 521397013
521371253 521398623
521373093 521404649
521377923 521410123
521380269 521411733
522027903 522030847
522038851 522063415
522042853 522065071
522048005 522068337
522053985 522069901
522681241 522711969
522683219 522717903
522692281 522719513
522697387 522723929
522699595 522725585
522701481 522727241
522880099 522922971
522916485 522932953
522918877 522934563
522922235 522937323
522926191 522939071
522921453 522941785
526210545 526239617
526221217 526241227
526226323 526245965
526231613 526250427
526234189 526252037
529577331 529606909
529581471 529608519
529585059 529612383
529591085 529618639
529593201 529620387
529598307 529623653
531417469 531442815
531419447 531444425
531424277 531451601
531426255 531454913
531435225 531456569
531437295 531458133
532936573 532969095
532946233 532970751
532956859 532974017
534967611 534970785
534982883 534997879
534988035 534999627
534990105 535004687
534993739 535009011
535639579 535665155
535641695 535666765
535645513 535671641
535647675 535673343
535653747 535678955
535657611 535683417
536305981 536309247
536322817 536334455
536322541 536334593
536327877 536336203
536976799 536979053
536982365 537005641
536993911 537007297
537001133 537013369
538930695 538937135
544702959 544704707
544708571 544733503
544719979 544735205
544723797 544739621
544727891 544741277
544725867 544741369
544727937 544744589
546944539 546961881
546983869 546995553
546984237 546999095
547264423 547284341
547307709 547310239
547392579 547426481
547397685 547429241
547402745 547432875
547411715 547437337
547413693 547438947
547416913 547441707
547419213 547443363
548734721 548759285
548740103 548764805
548744565 548770877
548746727 548772487
548751971 548776811
549400341 549429551
549402365 549432771
549404343 549434381
549408069 549440361
549418925 549446065
549420857 549447721
552286703 552305609
552291671 552305977
552303493 552310439
552305563 552312049
553827059 553849507
553830969 553852727
553833269 553854291
553843895 553860271
554989249 555018367
557095405 557119371
557099223 557120981
557102581 557128111
557104881 557129859
557112379 557133217
557114449 557134689
559629959 559648589
559622507 559649095
559628487 559653649
559630741 559655351
559640999 559660043
559643161 559661699
560293187 560325341
560300593 560327089
560306803 560331597
560313657 560336473
560310345 560336565
560312277 560338129
560314301 560339647
560316417 560341211
562296165 562329193
562308677 562336875
562310885 562338485
562320315 562341843
562482649 562487341
562484627 562498427
562616601 562644845
562618671 562648295
562623685 562649905
562632195 562654413
562634219 562655931
563085663 563118369
567228791 567252113
567230815 567253723
567234679 567255287
567241119 567259657
569238485 569241935
569246443 569272433
569250169 569275745
569255183 569277355
569264107 569283519
569266223 569286003
570727827 570756255
570735233 570759567
570738867 570761131
570743697 570764627
570746963 570770883
571108661 571153695
571208849 571250203
574007995 574027913
574012135 574029523
574014297 574032605
574023037 574039965
574889263 574893265
574897129 574921923
574906375 574923671
574911205 574926845
574913183 574929973
574913413 574930019
575560817 575563117
575566383 575589521
575577883 575591223
575585151 575592971
576234027 576264939
576245987 576267791
576248195 576272069
576253255 576278095
576255601 576279843
576901395 576905305
576907145 576932031
576911009 576938057
576914505 576940863
576918553 576946245
576923521 576947901
577345203 577361349
577348791 577365811
577353667 577370687
577355599 577372297
578810855 578813201
578816421 578842503
578820147 578848575
578823367 578852945
578832521 578856349
578834637 578858005
579197577 579217219
579203281 579238931
579191873 579243853
579193897 579245555
579195829 579247119
579199509 579248683
579216299 579251581
579220393 579253329
579222187 579254939
579227707 579256641
579477809 579523533
579519531 579525281
579963385 579966375
579969227 579992871
579978243 579994527
579980451 579999449
579985603 580004923
579987903 580006625
585469999 585497875
585472207 585502199
585477221 585509329
585481085 585511031
585491021 585514205
586135435 586137873
586139943 586167911
586147119 586171131
586150891 586172787
586154249 586180055
586158021 586184563
587295003 587327479
587296981 587331803
587306089 587337691
587309677 587342337
587316669 587344039
589567219 589607837
589714373 589756371
589720031 589758211
590666343 590668183
590671955 590695553
590683915 590698451
590687641 590701717
590687779 590701947
590691137 590707513
595015367 595022083
595013205 595022221
595015551 595023831
595017759 595029903
595374673 595379641
595378629 595384149
595354019 595403837
595357193 595404021
595361103 595413819
595364415 595416671
595366209 595418327
595368049 595419753
595376697 595421455
595378675 595423019
595387645 595425779
595390313 595428033
595396523 595429643
595398777 595431207
595402319 595433921
596913833 596915995
596923953 596940973
596925977 596944331
596931497 596949897
596933613 596951691
596940605 596953301
599718959 599721903
599729769 599748859
599736347 599756035
599738509 599757691
599740717 599759623
603421637 603427341
603424719 603456597
603438427 603458391
603443257 603463681
603445281 603465291
603448409 603471317
603450433 603473065
606743757 606774669
606756039 606780833
606759535 606782443
606765469 606785755
607068103 607071553
607079603 607102235
607081903 607107111
607088987 607108767
607091563 607113045
607094737 607115897
608618579 608650365
608623639 608651975
608625755 608655241
608629481 608656897
608639555 608663061
608641625 608667523
608644891 608670283
611360317 611380925
611362387 611382535
611365791 611389619
611375083 611392885
611423199 611427891
611426971 611429593
611416115 611441093
611425177 611457101
611439391 611461885
611435849 611462299
611448131 611466853
611418231 611468601
611420025 611470211
611454019 611473017
616003695 616005903
616009215 616033687
616018139 616035297
616020393 616039943
616025361 616045417
616027523 616047119
618024567 618053179
618026913 618054927
618029305 618059343
618034503 618063713
618044071 618065369
618046279 618071441
618048487 618073005
619457145 619474901
619467219 619477707
619469243 619479271
619464091 619497119
619451303 619502225
619453281 619505077
619455259 619506641
619460135 619508389
619462021 619510045
619481617 619511793
619483411 619513357
619485343 619514875
619495555 619517681
619491967 619517773
619496521 619519521
622373775 622403721
622386425 622408551
622395763 622412921
622398017 622414623
623039441 623072331
623048549 623074033
623052137 623080013
623054161 623081623
623059267 623086499
623061383 623088247
623063453 623089811
624383469 624403525
624387149 624406929
624389081 624408539
625759099 625777407
625767563 625779063
627455211 627479545
627461467 627506179
627495553 627508985
627475221 627522141
627478349 627524901
627485479 627526649
627492931 627529501
627494955 627531203
627496795 627532813
627502407 627534469
627505443 627537367
627564093 627567221
627576605 627599099
627578675 627600709
627580699 627606781
627585897 627611243
629408003 629439145
629412005 629442917
629413891 629446183
629425759 629447839
629428979 629453957
629431279 629455705
629433257 629457223
630073117 630102971
630085997 630104719
630089861 630110837
630093495 630112401
630095519 630115621
630741957 630745131
630752859 630770431
630755067 630772133
630759713 630773789
630764957 630779907
630766981 630783403
635486029 635513951
635491549 635516849
635502865 635518505
635508063 635520069
635489203 635540493
635493481 635542333
635495413 635543943
635497529 635545599
635500749 635548497
635510133 635553005
635522967 635554615
635526785 635554983
635528809 635556593
635532213 635559353
635534099 635561055
635959231 635969535
635963049 635978965
635965119 635980759
635975055 635982185
635985957 635993225
635992949 635999343
636667585 636686583
636669931 636688331
636677705 636691689
638565131 638592639
638568719 638598665
638571203 638603081
638572077 638603771
638574331 638607129
638578057 638608739
638584405 638611545
638586429 638613247
639292299 639324085
639294415 639325787
639298417 639329375
639309779 639333975
639311941 639335585
639313781 639337149
642514277 642562715
642597353 642615707
642605495 642617363
642606185 642619019
643258787 643287353
643260673 643291631
643265733 643294437
643267987 643299405
643277049 643303867
643279073 643305339
643536167 643559489
643543987 643561237
643554521 643563997
643536949 643568413
643538283 643585663
643540123 643587273
643542147 643588837
643547207 643590539
643549323 643592287
643551301 643593943
643556591 643596795
643568091 643598405
643573979 643600061
643575175 643602959
643581661 643603327
643540491 643604707
644036003 644052287
644038257 644055461
644042305 644057071
644045801 644064155
645605569 645627005
645607777 645631743
645611641 645633353
646976737 647006269
646984189 647009673
646990261 647014273
646994125 647015975
646996103 647020805
649666449 649668473
649680755 649695015
649677903 649695107
649682043 649696809
651601071 651605809
651579635 651607511
651582947 651610455
651584879 651612203
651595827 651630189
651584695 651631753
651586719 651635019
651589663 651637779
651591825 651639481
651593711 651641137
651597805 651642793
651603233 651645507
651619425 651647117
651614825 651647255
651618045 651650061
651620207 651651855
651625405 651653373
651627199 651655029
651670301 651685067
651672325 651715381
651674809 651717037
651817777 651861845
653108951 653112263
653126799 653138207
653128823 653139909
653130663 653144233
653132871 653145751
655811911 655823871
655814257 655825527
655818029 655832933
655820237 655836199
656999355 657001195
657005105 657030313
658406955 658430691
658418501 658432347
658425677 658436855
659657557 659684605
659677383 659686261
659659351 659710963
659661237 659712619
659664411 659715379
659666573 659717127
659679315 659718783
659688147 659724947
659690125 659726557
659691873 659728213
659703189 659731387
659705075 659732997
659706823 659734607
665604575 665634613
665606507 665637925
665608531 665642663
665616581 665645469
665623895 665648689
665625919 665650299
667715101 667720897
667718367 667751073
667730833 667757191
667740401 667760365
667770163 667794037
667815427 667820625
669064235 669089719
669073343 669090409
669077207 669091973
669957601 669963305
669960913 669967951
669971493 669974759
669973425 669976415
669988421 669990629
674049301 674059375
674051417 674061031
674055511 674073773
674068115 674076671
675770437 675783915
675772599 675813079
675774531 675816161
675776417 675817679
675795231 675819289
675801027 675820991
675924077 675927987
675925871 675953333
675934105 675956231
675936037 675962579
675937877 675966903
675945881 675972837
677362727 677384439
677365119 677386049
677370409 677393133
677380069 677396353
679242471 679259905
679254063 679262849
681219919 681254557
681233489 681256259
681242505 681259617
682572457 682574573
682577885 682601207
682586993 682602863
682589155 682607739
682594399 682613305
682596607 682615053
683924627 683939853
683891691 683942705
683920947 683944407
683934747 683950341
683936679 683954711
687073097 687103733
687077973 687110955
687080135 687112703
687091773 687116015
687094119 687117671
687096097 687119281
688409121 688412019
688416987 688440769
688426279 688442563
688431155 688445737
688433179 688447347
692000755 692037233
692278779 692297133
692320731 692323675
692603079 692633899
692613889 692635693
692618903 692640247
692621203 692641903
692623135 692646733
699735517 699738369
699745637 699762197
699747891 699763761
699761277 699766935
700004341 700018969
700010827 700039301
700011195 700042061
700006089 700043717
700009217 700049513
700013035 700053009
700030423 700054619
700033505 700057425
700035437 700059173
700037231 700060783
702586459 702613231
702594325 702614841
702597959 702619533
702602927 702625053
702604767 702631217
702606883 702632827
705458101 705461965
705474569 705487817
705478525 705489427
705480687 705493889
705482849 705495545
708016345 708047809
708018369 708049557
708033549 708051213
708037091 708056181
708039483 708059447
708041231 708065335
707999785 708067819
708224449 708238249
714455333 714484635
714460163 714486383
714463935 714491259
714465959 714494525
714471065 714496227
714474699 714499079
715325331 715327125
715340327 715353851
715349113 715359831
716085895 716103283
716091185 716106043
716077661 716121315
716097993 716126053
716078903 716129135
716081985 716131987
716084009 716133643
716089207 716135299
716093071 716137001
716095095 716138703
716096889 716140221
716100063 716142981
716115473 716144637
716115795 716147535
716122695 716147903
716477677 716482277
717275915 717310921
717287737 717312577
717298317 717315935
722160885 722181585
722163001 722183195
722165025 722186369
722171741 722188071
